Date 	Hmsec 	CounterID 	EventID 	Batt 	Light 	T1 	T2 	TC 	Batt(mV) 	Wgt(g/10) 	CoreTemp(C) 	Version 	1903281141 
2021-05-18 17:00:32	  63 	c1254 	5677 	 3292	  405	    0	    0	 1514	6429	000	021
2021-05-18 17:10:32	  63 	c1254 	5677 	 3293	  795	    0	    0	 1513	6431	000	021
2021-05-18 17:20:32	  63 	c1254 	5677 	 3293	  659	    0	    0	 1513	6431	000	021
2021-05-18 17:30:32	  63 	c1254 	5677 	 3293	  527	    0	    0	 1513	6431	000	021
2021-05-18 17:40:32	  63 	c1254 	5677 	 3293	  621	    0	    0	 1513	6431	000	021
2021-05-18 17:50:32	  63 	c1254 	5677 	 3293	  606	    0	    0	 1514	6431	000	021
2021-05-18 18:00:32	  63 	c1254 	5677 	 3293	  593	    0	    0	 1514	6431	000	021
2021-05-18 18:10:32	  63 	c1254 	5677 	 3293	  484	    0	    0	 1514	6431	000	021
2021-05-18 18:20:32	  63 	c1254 	5677 	 3293	  264	    0	    0	 1514	6431	000	021
2021-05-18 18:30:32	  63 	c1254 	5677 	 3293	  354	    0	    0	 1514	6431	000	021
2021-05-18 18:40:32	  63 	c1254 	5677 	 3293	  251	    0	    0	 1515	6431	000	021
2021-05-18 18:50:32	  63 	c1254 	5677 	 3293	  329	    0	    0	 1515	6431	000	021
2021-05-18 19:00:32	  63 	c1254 	5677 	 3294	  201	    0	    0	 1516	6433	000	021
2021-05-18 19:10:32	  63 	c1254 	5677 	 3294	  260	    0	    0	 1516	6433	000	021
2021-05-18 19:20:32	  63 	c1254 	5677 	 3294	  490	    0	    0	 1518	6433	000	022
2021-05-18 19:30:32	  63 	c1254 	5677 	 3294	  395	    0	    0	 1519	6433	000	022
2021-05-18 19:40:32	  63 	c1254 	5677 	 3294	  242	    0	    0	 1517	6433	000	021
2021-05-18 19:50:32	  63 	c1254 	5677 	 3294	  187	    0	    0	 1518	6433	000	022
2021-05-18 20:00:32	  63 	c1254 	5677 	 3294	  161	    0	    0	 1518	6433	000	022
2021-05-18 20:10:32	  63 	c1254 	5677 	 3294	  137	    0	    0	 1518	6433	000	022
2021-05-18 20:20:32	  63 	c1254 	5677 	 3294	  152	    0	    0	 1519	6433	000	022
2021-05-18 20:30:32	  63 	c1254 	5677 	 3295	  109	    0	    0	 1518	6435	000	022
2021-05-18 20:40:32	  63 	c1254 	5677 	 3295	   64	    0	    0	 1517	6435	000	021
2021-05-18 20:50:32	  63 	c1254 	5677 	 3295	   55	    0	    0	 1517	6435	000	021
2021-05-18 21:00:32	  63 	c1254 	5677 	 3294	   45	    0	    0	 1518	6433	000	022
2021-05-18 21:10:32	  63 	c1254 	5677 	 3295	   38	    0	    0	 1518	6435	000	022
2021-05-18 21:20:32	  63 	c1254 	5677 	 3295	   34	    0	    0	 1517	6435	000	021
2021-05-18 21:30:32	  63 	c1254 	5677 	 3295	   32	    0	    0	 1516	6435	000	021
2021-05-18 21:40:32	  63 	c1254 	5677 	 3295	   31	    0	    0	 1518	6435	000	022
2021-05-18 21:50:32	  63 	c1254 	5677 	 3295	   29	    0	    0	 1516	6435	000	021
2021-05-18 22:00:32	  63 	c1254 	5677 	 3295	   29	    0	    0	 1518	6435	000	022
2021-05-18 22:10:32	  63 	c1254 	5677 	 3295	   29	    0	    0	 1518	6435	000	022
2021-05-18 22:20:32	  63 	c1254 	5677 	 3295	   31	    0	    0	 1517	6435	000	021
2021-05-18 22:30:32	  63 	c1254 	5677 	 3295	   31	    0	    0	 1517	6435	000	021
2021-05-18 22:40:32	  63 	c1254 	5677 	 3295	   31	    0	    0	 1519	6435	000	022
2021-05-18 22:50:32	  63 	c1254 	5677 	 3295	   31	    0	    0	 1519	6435	000	022
2021-05-18 23:00:32	  63 	c1254 	5677 	 3295	   30	    0	    0	 1518	6435	000	022
2021-05-18 23:10:32	  63 	c1254 	5677 	 3295	   29	    0	    0	 1518	6435	000	022
2021-05-18 23:20:32	  63 	c1254 	5677 	 3295	   29	    0	    0	 1519	6435	000	022
2021-05-18 23:30:32	  63 	c1254 	5677 	 3294	   30	    0	    0	 1517	6433	000	021
2021-05-18 23:40:32	  63 	c1254 	5677 	 3295	   29	    0	    0	 1518	6435	000	022
2021-05-18 23:50:32	  63 	c1254 	5677 	 3295	   29	    0	    0	 1517	6435	000	021
2021-05-19 00:00:32	  63 	c1254 	5677 	 3295	   29	    0	    0	 1517	6435	000	021
2021-05-19 00:10:32	  63 	c1254 	5677 	 3294	   29	    0	    0	 1515	6433	000	021
2021-05-19 00:20:32	  63 	c1254 	5677 	 3294	   29	    0	    0	 1516	6433	000	021
2021-05-19 00:30:32	  63 	c1254 	5677 	 3295	   29	    0	    0	 1516	6435	000	021
2021-05-19 00:40:32	  63 	c1254 	5677 	 3294	   29	    0	    0	 1516	6433	000	021
2021-05-19 00:50:32	  63 	c1254 	5677 	 3294	   29	    0	    0	 1515	6433	000	021
2021-05-19 01:00:32	  63 	c1254 	5677 	 3295	   29	    0	    0	 1515	6435	000	021
2021-05-19 01:10:32	  63 	c1254 	5677 	 3294	   28	    0	    0	 1515	6433	000	021
2021-05-19 01:20:32	  63 	c1254 	5677 	 3294	   29	    0	    0	 1515	6433	000	021
2021-05-19 01:20:33	 647 	c1254						 3607 bytes to file.
Date 	Hmsec 	CounterID 	EventID 	Batt 	Light 	T1 	T2 	TC 	Batt(mV) 	Wgt(g/10) 	CoreTemp(C) 	Version 	1903281141 
2021-05-19 01:30:32	  63 	c1254 	5677 	 3294	   29	    0	    0	 1514	6433	000	021
2021-05-19 01:40:32	  63 	c1254 	5677 	 3294	   29	    0	    0	 1514	6433	000	021
2021-05-19 01:50:32	  63 	c1254 	5677 	 3294	   28	    0	    0	 1513	6433	000	021
2021-05-19 02:00:32	  63 	c1254 	5677 	 3294	   29	    0	    0	 1514	6433	000	021
2021-05-19 02:10:32	  63 	c1254 	5677 	 3294	   29	    0	    0	 1513	6433	000	021
2021-05-19 02:20:32	  63 	c1254 	5677 	 3294	   28	    0	    0	 1513	6433	000	021
2021-05-19 02:30:32	  63 	c1254 	5677 	 3293	   29	    0	    0	 1512	6431	000	020
2021-05-19 02:40:32	  63 	c1254 	5677 	 3294	   29	    0	    0	 1514	6433	000	021
2021-05-19 02:50:32	  63 	c1254 	5677 	 3294	   28	    0	    0	 1512	6433	000	020
2021-05-19 03:00:32	  63 	c1254 	5677 	 3294	   29	    0	    0	 1514	6433	000	021
2021-05-19 03:10:32	  63 	c1254 	5677 	 3293	   28	    0	    0	 1512	6431	000	020
2021-05-19 03:20:32	  63 	c1254 	5677 	 3293	   28	    0	    0	 1511	6431	000	020
2021-05-19 03:30:32	  63 	c1254 	5677 	 3293	   28	    0	    0	 1512	6431	000	020
2021-05-19 03:40:32	  63 	c1254 	5677 	 3293	   28	    0	    0	 1511	6431	000	020
2021-05-19 03:50:32	  63 	c1254 	5677 	 3293	   28	    0	    0	 1512	6431	000	020
2021-05-19 04:00:32	  63 	c1254 	5677 	 3293	   28	    0	    0	 1510	6431	000	020
2021-05-19 04:10:32	  63 	c1254 	5677 	 3293	   29	    0	    0	 1511	6431	000	020
2021-05-19 04:20:32	  63 	c1254 	5677 	 3293	   28	    0	    0	 1510	6431	000	020
2021-05-19 04:30:32	  63 	c1254 	5677 	 3293	   30	    0	    0	 1512	6431	000	020
2021-05-19 04:40:32	  63 	c1254 	5677 	 3293	   30	    0	    0	 1511	6431	000	020
2021-05-19 04:50:32	  63 	c1254 	5677 	 3293	   32	    0	    0	 1509	6431	000	020
2021-05-19 05:00:32	  63 	c1254 	5677 	 3292	   33	    0	    0	 1509	6429	000	020
2021-05-19 05:10:32	  63 	c1254 	5677 	 3293	   35	    0	    0	 1510	6431	000	020
2021-05-19 05:20:32	  63 	c1254 	5677 	 3292	   40	    0	    0	 1510	6429	000	020
2021-05-19 05:30:32	  63 	c1254 	5677 	 3292	   43	    0	    0	 1509	6429	000	020
2021-05-19 05:40:32	  63 	c1254 	5677 	 3292	   45	    0	    0	 1509	6429	000	020
2021-05-19 05:50:32	  63 	c1254 	5677 	 3292	   50	    0	    0	 1509	6429	000	020
2021-05-19 06:00:32	  63 	c1254 	5677 	 3292	   46	    0	    0	 1510	6429	000	020
2021-05-19 06:10:32	  63 	c1254 	5677 	 3292	   44	    0	    0	 1509	6429	000	020
2021-05-19 06:20:32	  63 	c1254 	5677 	 3292	   42	    0	    0	 1509	6429	000	020
2021-05-19 06:30:32	  63 	c1254 	5677 	 3292	  185	    0	    0	 1509	6429	000	020
2021-05-19 06:40:32	  63 	c1254 	5677 	 3292	  240	    0	    0	 1508	6429	000	020
2021-05-19 06:50:32	  63 	c1254 	5677 	 3292	  295	    0	    0	 1508	6429	000	020
2021-05-19 07:00:32	  63 	c1254 	5677 	 3291	  216	    0	    0	 1507	6427	000	019
2021-05-19 07:10:32	  63 	c1254 	5677 	 3292	  194	    0	    0	 1509	6429	000	020
2021-05-19 07:20:32	  63 	c1254 	5677 	 3291	  262	    0	    0	 1508	6427	000	020
2021-05-19 07:30:32	  63 	c1254 	5677 	 3291	  317	    0	    0	 1508	6427	000	020
2021-05-19 07:40:32	  63 	c1254 	5677 	 3291	  201	    0	    0	 1507	6427	000	019
2021-05-19 07:50:32	  63 	c1254 	5677 	 3291	  234	    0	    0	 1507	6427	000	019
2021-05-19 08:00:32	  63 	c1254 	5677 	 3291	  290	    0	    0	 1507	6427	000	019
2021-05-19 08:10:32	  63 	c1254 	5677 	 3291	  304	    0	    0	 1506	6427	000	019
2021-05-19 08:20:32	  63 	c1254 	5677 	 3291	  362	    0	    0	 1507	6427	000	019
2021-05-19 08:30:32	  63 	c1254 	5677 	 3291	  446	    0	    0	 1506	6427	000	019
2021-05-19 08:40:32	  63 	c1254 	5677 	 3290	  668	    0	    0	 1506	6425	000	019
2021-05-19 08:50:32	  63 	c1254 	5677 	 3290	  593	    0	    0	 1506	6425	000	019
2021-05-19 09:00:32	  63 	c1254 	5677 	 3290	  583	    0	    0	 1506	6425	000	019
2021-05-19 09:10:32	  63 	c1254 	5677 	 3290	  729	    0	    0	 1506	6425	000	019
2021-05-19 09:20:32	  63 	c1254 	5677 	 3290	  860	    0	    0	 1507	6425	000	019
2021-05-19 09:30:32	  63 	c1254 	5677 	 3290	  777	    0	    0	 1506	6425	000	019
2021-05-19 09:40:32	  63 	c1254 	5677 	 3290	  761	    0	    0	 1507	6425	000	019
2021-05-19 09:50:32	  63 	c1254 	5677 	 3290	  633	    0	    0	 1507	6425	000	019
2021-05-19 09:50:33	 845 	c1254						 3607 bytes to file.
Date 	Hmsec 	CounterID 	EventID 	Batt 	Light 	T1 	T2 	TC 	Batt(mV) 	Wgt(g/10) 	CoreTemp(C) 	Version 	1903281141 
2021-05-19 10:00:32	  63 	c1254 	5677 	 3290	  721	    0	    0	 1507	6425	000	019
2021-05-19 10:10:32	  63 	c1254 	5677 	 3289	  614	    0	    0	 1507	6423	000	019
2021-05-19 10:20:32	  63 	c1254 	5677 	 3290	  645	    0	    0	 1506	6425	000	019
2021-05-19 10:30:32	  63 	c1254 	5677 	 3290	 1118	    0	    0	 1507	6425	000	019
2021-05-19 10:40:32	  63 	c1254 	5677 	 3290	 1072	    0	    0	 1507	6425	000	019
2021-05-19 10:50:32	  63 	c1254 	5677 	 3290	  528	    0	    0	 1506	6425	000	019
2021-05-19 11:00:32	  63 	c1254 	5677 	 3289	  550	    0	    0	 1507	6423	000	019
2021-05-19 11:10:32	  63 	c1254 	5677 	 3290	  915	    0	    0	 1507	6425	000	019
2021-05-19 11:20:32	  63 	c1254 	5677 	 3290	  576	    0	    0	 1508	6425	000	020
2021-05-19 11:30:32	  63 	c1254 	5677 	 3289	  594	    0	    0	 1508	6423	000	020
2021-05-19 11:40:32	  63 	c1254 	5677 	 3289	  701	    0	    0	 1508	6423	000	020
2021-05-19 11:50:32	  63 	c1254 	5677 	 3289	  694	    0	    0	 1510	6423	000	020
2021-05-19 12:00:32	  63 	c1254 	5677 	 3289	  537	    0	    0	 1510	6423	000	020
2021-05-19 12:10:32	  63 	c1254 	5677 	 3289	  705	    0	    0	 1511	6423	000	020
2021-05-19 12:20:32	  63 	c1254 	5677 	 3290	  401	    0	    0	 1513	6425	000	021
2021-05-19 12:30:32	  63 	c1254 	5677 	 3289	  346	    0	    0	 1513	6423	000	021
2021-05-19 12:40:32	  63 	c1254 	5677 	 3290	  504	    0	    0	 1513	6425	000	021
2021-05-19 12:50:32	  63 	c1254 	5677 	 3289	  684	    0	    0	 1515	6423	000	021
2021-05-19 13:00:32	  63 	c1254 	5677 	 3290	  575	    0	    0	 1514	6425	000	021
2021-05-19 13:10:32	  63 	c1254 	5677 	 3289	  496	    0	    0	 1514	6423	000	021
2021-05-19 13:20:32	  63 	c1254 	5677 	 3290	  498	    0	    0	 1515	6425	000	021
2021-05-19 13:30:32	  63 	c1254 	5677 	 3290	  530	    0	    0	 1516	6425	000	021
2021-05-19 13:40:32	  63 	c1254 	5677 	 3290	  488	    0	    0	 1515	6425	000	021
2021-05-19 13:50:32	  63 	c1254 	5677 	 3290	  589	    0	    0	 1515	6425	000	021
2021-05-19 14:00:32	  63 	c1254 	5677 	 3290	  519	    0	    0	 1515	6425	000	021
2021-05-19 14:10:32	  63 	c1254 	5677 	 3290	  517	    0	    0	 1516	6425	000	021
2021-05-19 14:20:32	  63 	c1254 	5677 	 3290	  580	    0	    0	 1516	6425	000	021
2021-05-19 14:30:32	  63 	c1254 	5677 	 3290	  463	    0	    0	 1515	6425	000	021
2021-05-19 14:40:32	  63 	c1254 	5677 	 3290	  516	    0	    0	 1516	6425	000	021
2021-05-19 14:50:32	  63 	c1254 	5677 	 3290	  408	    0	    0	 1515	6425	000	021
2021-05-19 15:00:32	  63 	c1254 	5677 	 3289	   30	    0	    0	 1515	6423	000	021
2021-05-19 15:10:32	  63 	c1254 	5677 	 3290	   30	    0	    0	 1514	6425	000	021
2021-05-19 15:20:32	  63 	c1254 	5677 	 3290	   30	    0	    0	 1517	6425	000	021
2021-05-19 15:30:32	  63 	c1254 	5677 	 3290	   30	    0	    0	 1514	6425	000	021
2021-05-19 15:40:32	  63 	c1254 	5677 	 3290	   30	    0	    0	 1514	6425	000	021
2021-05-19 15:50:32	  63 	c1254 	5677 	 3290	   30	    0	    0	 1515	6425	000	021
2021-05-19 16:00:32	  63 	c1254 	5677 	 3290	   30	    0	    0	 1513	6425	000	021
2021-05-19 16:10:32	  63 	c1254 	5677 	 3290	   30	    0	    0	 1515	6425	000	021
2021-05-19 16:20:32	  63 	c1254 	5677 	 3289	   30	    0	    0	 1513	6423	000	021
2021-05-19 16:30:32	  63 	c1254 	5677 	 3290	   30	    0	    0	 1513	6425	000	021
2021-05-19 16:40:32	  63 	c1254 	5677 	 3289	   29	    0	    0	 1513	6423	000	021
2021-05-19 16:50:32	  63 	c1254 	5677 	 3289	   29	    0	    0	 1513	6423	000	021
2021-05-19 17:00:32	  63 	c1254 	5677 	 3289	   29	    0	    0	 1511	6423	000	020
2021-05-19 17:10:32	  63 	c1254 	5677 	 3289	   29	    0	    0	 1512	6423	000	020
2021-05-19 17:20:32	  63 	c1254 	5677 	 3289	   29	    0	    0	 1512	6423	000	020
2021-05-19 17:30:32	  63 	c1254 	5677 	 3289	   30	    0	    0	 1511	6423	000	020
2021-05-19 17:40:32	  63 	c1254 	5677 	 3289	   30	    0	    0	 1511	6423	000	020
2021-05-19 17:50:32	  63 	c1254 	5677 	 3289	   29	    0	    0	 1510	6423	000	020
2021-05-19 18:00:32	  63 	c1254 	5677 	 3289	   29	    0	    0	 1510	6423	000	020
2021-05-19 18:10:32	  63 	c1254 	5677 	 3289	   29	    0	    0	 1510	6423	000	020
2021-05-19 18:20:32	  63 	c1254 	5677 	 3289	   29	    0	    0	 1510	6423	000	020
2021-05-19 18:20:33	 793 	c1254						 3607 bytes to file.
Date 	Hmsec 	CounterID 	EventID 	Batt 	Light 	T1 	T2 	TC 	Batt(mV) 	Wgt(g/10) 	CoreTemp(C) 	Version 	1903281141 
2021-05-19 18:30:32	  63 	c1254 	5677 	 3288	   29	    0	    0	 1510	6421	000	020
2021-05-19 18:40:32	  63 	c1254 	5677 	 3288	   29	    0	    0	 1509	6421	000	020
2021-05-19 18:50:32	  63 	c1254 	5677 	 3288	   29	    0	    0	 1509	6421	000	020
2021-05-19 19:00:32	  63 	c1254 	5677 	 3288	   29	    0	    0	 1509	6421	000	020
2021-05-19 19:10:32	  63 	c1254 	5677 	 3288	   29	    0	    0	 1510	6421	000	020
2021-05-19 19:20:32	  63 	c1254 	5677 	 3288	   29	    0	    0	 1508	6421	000	020
2021-05-19 19:30:32	  63 	c1254 	5677 	 3288	   29	    0	    0	 1509	6421	000	020
2021-05-19 19:40:32	  63 	c1254 	5677 	 3288	   29	    0	    0	 1509	6421	000	020
2021-05-19 19:50:32	  63 	c1254 	5677 	 3288	   29	    0	    0	 1507	6421	000	019
2021-05-19 20:00:32	  63 	c1254 	5677 	 3288	   29	    0	    0	 1508	6421	000	020
2021-05-19 20:10:32	  63 	c1254 	5677 	 3288	   29	    0	    0	 1507	6421	000	019
2021-05-19 20:20:32	  63 	c1254 	5677 	 3287	   29	    0	    0	 1507	6419	000	019
2021-05-19 20:30:32	  63 	c1254 	5677 	 3287	   29	    0	    0	 1507	6419	000	019
2021-05-19 20:40:32	  63 	c1254 	5677 	 3287	   29	    0	    0	 1506	6419	000	019
2021-05-19 20:50:32	  63 	c1254 	5677 	 3287	   29	    0	    0	 1507	6419	000	019
2021-05-19 21:00:32	  63 	c1254 	5677 	 3287	   29	    0	    0	 1506	6419	000	019
2021-05-19 21:10:32	  63 	c1254 	5677 	 3287	   29	    0	    0	 1507	6419	000	019
2021-05-19 21:20:32	  63 	c1254 	5677 	 3287	   29	    0	    0	 1506	6419	000	019
2021-05-19 21:30:32	  63 	c1254 	5677 	 3286	   29	    0	    0	 1506	6417	000	019
2021-05-19 21:40:32	  63 	c1254 	5677 	 3287	   29	    0	    0	 1506	6419	000	019
2021-05-19 21:50:32	  63 	c1254 	5677 	 3287	   29	    0	    0	 1505	6419	000	019
2021-05-19 22:00:32	  63 	c1254 	5677 	 3287	   28	    0	    0	 1506	6419	000	019
2021-05-19 22:10:32	  63 	c1254 	5677 	 3286	   29	    0	    0	 1505	6417	000	019
2021-05-19 22:20:32	  63 	c1254 	5677 	 3286	   29	    0	    0	 1506	6417	000	019
2021-05-19 22:30:32	  63 	c1254 	5677 	 3286	   29	    0	    0	 1505	6417	000	019
2021-05-19 22:40:32	  63 	c1254 	5677 	 3286	   29	    0	    0	 1505	6417	000	019
2021-05-19 22:50:32	  63 	c1254 	5677 	 3286	   29	    0	    0	 1505	6417	000	019
2021-05-19 23:00:32	  63 	c1254 	5677 	 3286	   29	    0	    0	 1505	6417	000	019
2021-05-19 23:10:32	  63 	c1254 	5677 	 3286	   29	    0	    0	 1505	6417	000	019
2021-05-19 23:20:32	  63 	c1254 	5677 	 3286	   29	    0	    0	 1505	6417	000	019
2021-05-19 23:30:32	  63 	c1254 	5677 	 3286	   29	    0	    0	 1505	6417	000	019
2021-05-19 23:40:32	  63 	c1254 	5677 	 3285	   28	    0	    0	 1504	6416	000	019
2021-05-19 23:50:32	  63 	c1254 	5677 	 3286	   29	    0	    0	 1504	6417	000	019
2021-05-20 00:00:32	  63 	c1254 	5677 	 3285	   29	    0	    0	 1504	6416	000	019
2021-05-20 00:10:32	  63 	c1254 	5677 	 3285	   29	    0	    0	 1504	6416	000	019
2021-05-20 00:20:32	  63 	c1254 	5677 	 3285	   29	    0	    0	 1504	6416	000	019
2021-05-20 00:30:32	  63 	c1254 	5677 	 3285	   28	    0	    0	 1504	6416	000	019
2021-05-20 00:40:32	  63 	c1254 	5677 	 3285	   29	    0	    0	 1505	6416	000	019
2021-05-20 00:50:32	  63 	c1254 	5677 	 3285	   28	    0	    0	 1503	6416	000	019
2021-05-20 01:00:32	  63 	c1254 	5677 	 3285	   29	    0	    0	 1504	6416	000	019
2021-05-20 01:10:32	  63 	c1254 	5677 	 3285	   28	    0	    0	 1503	6416	000	019
2021-05-20 01:20:32	  63 	c1254 	5677 	 3285	   28	    0	    0	 1503	6416	000	019
2021-05-20 01:30:32	  63 	c1254 	5677 	 3285	   29	    0	    0	 1502	6416	000	018
2021-05-20 01:40:32	  63 	c1254 	5677 	 3285	   28	    0	    0	 1503	6416	000	019
2021-05-20 01:50:32	  63 	c1254 	5677 	 3284	   28	    0	    0	 1503	6414	000	019
2021-05-20 02:00:32	  63 	c1254 	5677 	 3284	   29	    0	    0	 1504	6414	000	019
2021-05-20 02:10:32	  63 	c1254 	5677 	 3284	   28	    0	    0	 1503	6414	000	019
2021-05-20 02:20:32	  63 	c1254 	5677 	 3284	   28	    0	    0	 1501	6414	000	018
2021-05-20 02:30:32	  63 	c1254 	5677 	 3284	   28	    0	    0	 1502	6414	000	018
2021-05-20 02:40:32	  63 	c1254 	5677 	 3284	   28	    0	    0	 1503	6414	000	019
2021-05-20 02:50:32	  63 	c1254 	5677 	 3284	   28	    0	    0	 1502	6414	000	018
2021-05-20 02:50:33	 808 	c1254						 3607 bytes to file.
Date 	Hmsec 	CounterID 	EventID 	Batt 	Light 	T1 	T2 	TC 	Batt(mV) 	Wgt(g/10) 	CoreTemp(C) 	Version 	1903281141 
2021-05-20 03:00:32	  63 	c1254 	5677 	 3284	   28	    0	    0	 1501	6414	000	018
2021-05-20 03:10:32	  63 	c1254 	5677 	 3284	   28	    0	    0	 1502	6414	000	018
2021-05-20 03:20:32	  63 	c1254 	5677 	 3284	   28	    0	    0	 1502	6414	000	018
2021-05-20 03:30:32	  63 	c1254 	5677 	 3284	   28	    0	    0	 1502	6414	000	018
2021-05-20 03:40:32	  63 	c1254 	5677 	 3284	   29	    0	    0	 1503	6414	000	019
2021-05-20 03:50:32	  63 	c1254 	5677 	 3283	   28	    0	    0	 1502	6412	000	018
2021-05-20 04:00:32	  63 	c1254 	5677 	 3283	   28	    0	    0	 1502	6412	000	018
2021-05-20 04:10:32	  63 	c1254 	5677 	 3283	   28	    0	    0	 1501	6412	000	018
2021-05-20 04:20:32	  63 	c1254 	5677 	 3283	   28	    0	    0	 1501	6412	000	018
2021-05-20 04:30:32	  63 	c1254 	5677 	 3283	   28	    0	    0	 1500	6412	000	018
2021-05-20 04:40:32	  63 	c1254 	5677 	 3283	   28	    0	    0	 1501	6412	000	018
2021-05-20 04:50:32	  63 	c1254 	5677 	 3283	   28	    0	    0	 1500	6412	000	018
2021-05-20 05:00:32	  63 	c1254 	5677 	 3283	   28	    0	    0	 1501	6412	000	018
2021-05-20 05:10:32	  63 	c1254 	5677 	 3282	   28	    0	    0	 1501	6410	000	018
2021-05-20 05:20:32	  63 	c1254 	5677 	 3283	   28	    0	    0	 1501	6412	000	018
2021-05-20 05:30:32	  63 	c1254 	5677 	 3283	   28	    0	    0	 1500	6412	000	018
2021-05-20 05:40:32	  63 	c1254 	5677 	 3283	   28	    0	    0	 1500	6412	000	018
2021-05-20 05:50:32	  63 	c1254 	5677 	 3283	   28	    0	    0	 1499	6412	000	018
2021-05-20 06:00:32	  63 	c1254 	5677 	 3283	   28	    0	    0	 1501	6412	000	018
2021-05-20 06:10:32	  63 	c1254 	5677 	 3282	   28	    0	    0	 1500	6410	000	018
2021-05-20 06:20:32	  63 	c1254 	5677 	 3282	   28	    0	    0	 1500	6410	000	018
2021-05-20 06:30:32	  63 	c1254 	5677 	 3282	   28	    0	    0	 1499	6410	000	018
2021-05-20 06:40:32	  63 	c1254 	5677 	 3282	   28	    0	    0	 1500	6410	000	018
2021-05-20 06:50:32	  63 	c1254 	5677 	 3281	   28	    0	    0	 1499	6408	000	018
2021-05-20 07:00:32	  63 	c1254 	5677 	 3282	   27	    0	    0	 1499	6410	000	018
2021-05-20 07:10:32	  63 	c1254 	5677 	 3282	   27	    0	    0	 1499	6410	000	018
2021-05-20 07:20:32	  63 	c1254 	5677 	 3281	   33	    0	    0	 1497	6408	000	017
2021-05-20 07:30:32	  63 	c1254 	5677 	 3281	   31	    0	    0	 1497	6408	000	017
2021-05-20 07:40:32	  63 	c1254 	5677 	 3282	   31	    0	    0	 1494	6410	000	017
2021-05-20 07:50:32	  63 	c1254 	5677 	 3281	  452	    0	    0	 1493	6408	000	017
2021-05-20 08:00:32	  63 	c1254 	5677 	 3281	  440	    0	    0	 1490	6408	000	016
2021-05-20 08:10:32	  63 	c1254 	5677 	 3280	  642	    0	    0	 1487	6406	000	015
2021-05-20 08:20:32	  63 	c1254 	5677 	 3280	  599	    0	    0	 1485	6406	000	015
2021-05-20 08:30:32	  63 	c1254 	5677 	 3280	   29	    0	    0	 1484	6406	000	015
2021-05-20 08:40:32	  63 	c1254 	5677 	 3279	   36	    0	    0	 1483	6404	000	015
2021-05-20 08:50:32	  63 	c1254 	5677 	 3279	   36	    0	    0	 1481	6404	000	014
2021-05-20 09:00:32	  63 	c1254 	5677 	 3279	   31	    0	    0	 1480	6404	000	014
2021-05-20 09:10:32	  63 	c1254 	5677 	 3279	   30	    0	    0	 1480	6404	000	014
2021-05-20 09:20:32	  63 	c1254 	5677 	 3279	   28	    0	    0	 1480	6404	000	014
2021-05-20 09:30:32	  63 	c1254 	5680 	 3279	 2829	    0	    0	 1477	6404	000	013
2021-05-20 09:40:32	  63 	c1254 	5680 	 3279	 3666	    0	    0	 1476	6404	000	013
2021-05-20 09:50:32	  63 	c1254 	5706 	 3279	 3824	    0	    0	 1476	6404	000	013
2021-05-20 10:00:32	  63 	c1254 	5734 	 3278	 3789	    0	    0	 1478	6402	000	014
2021-05-20 10:10:32	  63 	c1254 	5751 	 3278	 3816	    0	    0	 1476	6402	000	013
2021-05-20 10:12:42	 749 	c1254						 3131 bytes to file.
Date 	Hmsec 	CounterID 	EventID 	Batt 	Light 	T1 	T2 	TC 	Batt(mV) 	Wgt(g/10) 	CoreTemp(C) 	Version 	1903281141 
2021-05-20 10:20:37	  63 	c1254 	5782 	 3278	 3811	    0	    0	 1477	6402	000	013
2021-05-20 10:30:37	  63 	c1254 	5808 	 3277	 3837	    0	    0	 1477	6400	000	013
2021-05-20 10:40:37	  63 	c1254 	5822 	 3277	 3848	    0	    0	 1479	6400	000	014
2021-05-20 10:48:09	 276 	c1254						 343 bytes to file.
Date 	Hmsec 	CounterID 	EventID 	Batt 	Light 	T1 	T2 	TC 	Batt(mV) 	Wgt(g/10) 	CoreTemp(C) 	Version 	1903281141 
2021-05-20 10:50:41	  63 	c1254 	5839 	 3277	 3856	    0	    0	 1480	6400	000	014
2021-05-20 11:00:41	  63 	c1254 	5843 	 3277	 3711	    0	    0	 1480	6400	000	014
2021-05-20 11:10:41	  63 	c1254 	5849 	 3276	 3491	    0	    0	 1480	6398	000	014
2021-05-20 11:20:41	  63 	c1254 	5852 	 3275	   31	    0	    0	 1483	6396	000	015
2021-05-20 11:30:41	  63 	c1254 	5852 	 3276	   32	    0	    0	 1483	6398	000	015
2021-05-20 11:40:41	  63 	c1254 	5852 	 3275	   37	    0	    0	 1482	6396	000	014
2021-05-20 11:50:41	  63 	c1254 	5852 	 3276	   38	    0	    0	 1483	6398	000	015
2021-05-20 12:00:41	  63 	c1254 	5852 	 3276	   41	    0	    0	 1482	6398	000	014
2021-05-20 12:10:41	  63 	c1254 	5852 	 3275	   27	    0	    0	 1481	6396	000	014
2021-05-20 12:20:41	  63 	c1254 	5852 	 3275	   27	    0	    0	 1482	6396	000	014
2021-05-20 12:30:41	  63 	c1254 	5852 	 3275	   28	    0	    0	 1481	6396	000	014
2021-05-20 12:40:41	  63 	c1254 	5852 	 3275	   44	    0	    0	 1483	6396	000	015
2021-05-20 12:50:41	  63 	c1254 	5852 	 3275	   40	    0	    0	 1483	6396	000	015
2021-05-20 13:00:41	  63 	c1254 	5852 	 3275	   29	    0	    0	 1482	6396	000	014
2021-05-20 13:10:41	  63 	c1254 	5852 	 3275	   25	    0	    0	 1482	6396	000	014
2021-05-20 13:20:41	  63 	c1254 	5852 	 3275	   24	    0	    0	 1481	6396	000	014
2021-05-20 13:30:41	  63 	c1254 	5852 	 3275	   28	    0	    0	 1482	6396	000	014
2021-05-20 13:40:41	  63 	c1254 	5852 	 3275	   28	    0	    0	 1482	6396	000	014
2021-05-20 13:50:41	  63 	c1254 	5852 	 3274	   28	    0	    0	 1483	6394	000	015
2021-05-20 14:00:41	  63 	c1254 	5852 	 3274	   29	    0	    0	 1483	6394	000	015
2021-05-20 14:10:41	  63 	c1254 	5852 	 3274	   28	    0	    0	 1483	6394	000	015
2021-05-20 14:20:41	  63 	c1254 	5852 	 3274	   28	    0	    0	 1486	6394	000	015
2021-05-20 14:30:41	  63 	c1254 	5852 	 3274	   29	    0	    0	 1485	6394	000	015
2021-05-20 14:40:41	  63 	c1254 	5852 	 3274	   29	    0	    0	 1486	6394	000	015
2021-05-20 14:50:41	  63 	c1254 	5852 	 3274	 1159	    0	    0	 1488	6394	000	016
2021-05-20 15:00:41	  63 	c1254 	5852 	 3275	  833	    0	    0	 1491	6396	000	016
2021-05-20 15:10:41	  63 	c1254 	5852 	 3275	  696	    0	    0	 1494	6396	000	017
2021-05-20 15:20:41	  63 	c1254 	5852 	 3275	  977	    0	    0	 1497	6396	000	017
2021-05-20 15:30:41	  63 	c1254 	5852 	 3276	 1571	    0	    0	 1499	6398	000	018
2021-05-20 15:40:41	  63 	c1254 	5852 	 3275	  621	    0	    0	 1501	6396	000	018
2021-05-20 15:50:41	  63 	c1254 	5852 	 3276	  312	    0	    0	 1502	6398	000	018
2021-05-20 16:00:41	  63 	c1254 	5852 	 3277	  638	    0	    0	 1502	6400	000	018
2021-05-20 16:10:41	  63 	c1254 	5852 	 3276	  544	    0	    0	 1504	6398	000	019
2021-05-20 16:20:41	  63 	c1254 	5852 	 3277	 1093	    0	    0	 1506	6400	000	019
2021-05-20 16:30:41	  63 	c1254 	5852 	 3277	  807	    0	    0	 1507	6400	000	019
2021-05-20 16:40:41	  63 	c1254 	5852 	 3277	  375	    0	    0	 1509	6400	000	020
2021-05-20 16:50:41	  63 	c1254 	5852 	 3278	  351	    0	    0	 1510	6402	000	020
2021-05-20 17:00:41	  63 	c1254 	5852 	 3278	  795	    0	    0	 1512	6402	000	020
2021-05-20 17:10:41	  63 	c1254 	5852 	 3278	  973	    0	    0	 1512	6402	000	020
2021-05-20 17:20:41	  63 	c1254 	5852 	 3279	 1095	    0	    0	 1514	6404	000	021
2021-05-20 17:30:41	  63 	c1254 	5852 	 3279	  152	    0	    0	 1515	6404	000	021
2021-05-20 17:40:41	  63 	c1254 	5852 	 3279	  149	    0	    0	 1515	6404	000	021
2021-05-20 17:50:41	  63 	c1254 	5852 	 3279	  158	    0	    0	 1516	6404	000	021
2021-05-20 18:00:41	  63 	c1254 	5852 	 3279	  152	    0	    0	 1516	6404	000	021
2021-05-20 18:10:41	  63 	c1254 	5852 	 3280	  122	    0	    0	 1516	6406	000	021
2021-05-20 18:20:41	  63 	c1254 	5852 	 3280	  144	    0	    0	 1516	6406	000	021
2021-05-20 18:30:41	  63 	c1254 	5852 	 3281	  126	    0	    0	 1516	6408	000	021
2021-05-20 18:40:41	  63 	c1254 	5852 	 3281	   90	    0	    0	 1515	6408	000	021
2021-05-20 18:50:41	  63 	c1254 	5852 	 3281	   82	    0	    0	 1515	6408	000	021
2021-05-20 19:00:41	  63 	c1254 	5852 	 3281	   74	    0	    0	 1516	6408	000	021
2021-05-20 19:10:41	  63 	c1254 	5852 	 3281	   66	    0	    0	 1515	6408	000	021
2021-05-20 19:10:42	 839 	c1254						 3607 bytes to file.
Date 	Hmsec 	CounterID 	EventID 	Batt 	Light 	T1 	T2 	TC 	Batt(mV) 	Wgt(g/10) 	CoreTemp(C) 	Version 	1903281141 
2021-05-20 19:20:42	  63 	c1254 	5852 	 3281	   54	    0	    0	 1515	6408	000	021
2021-05-20 19:30:42	  63 	c1254 	5852 	 3281	   44	    0	    0	 1515	6408	000	021
2021-05-20 19:40:42	  63 	c1254 	5852 	 3281	   42	    0	    0	 1516	6408	000	021
2021-05-20 19:50:42	  63 	c1254 	5852 	 3281	   41	    0	    0	 1516	6408	000	021
2021-05-20 20:00:42	  63 	c1254 	5852 	 3281	   39	    0	    0	 1515	6408	000	021
2021-05-20 20:10:42	  63 	c1254 	5852 	 3281	   41	    0	    0	 1514	6408	000	021
2021-05-20 20:20:42	  63 	c1254 	5852 	 3281	   40	    0	    0	 1515	6408	000	021
2021-05-20 20:30:42	  63 	c1254 	5852 	 3281	   37	    0	    0	 1514	6408	000	021
2021-05-20 20:40:42	  63 	c1254 	5852 	 3282	   39	    0	    0	 1514	6410	000	021
2021-05-20 20:50:42	  63 	c1254 	5852 	 3281	   36	    0	    0	 1513	6408	000	021
2021-05-20 21:00:42	  63 	c1254 	5852 	 3281	   34	    0	    0	 1514	6408	000	021
2021-05-20 21:10:42	  63 	c1254 	5852 	 3281	   33	    0	    0	 1513	6408	000	021
2021-05-20 21:20:42	  63 	c1254 	5852 	 3282	   33	    0	    0	 1513	6410	000	021
2021-05-20 21:30:42	  63 	c1254 	5852 	 3281	   33	    0	    0	 1513	6408	000	021
2021-05-20 21:40:42	  63 	c1254 	5852 	 3281	   33	    0	    0	 1513	6408	000	021
2021-05-20 21:50:42	  63 	c1254 	5852 	 3281	   33	    0	    0	 1512	6408	000	020
2021-05-20 22:00:42	  63 	c1254 	5852 	 3281	   33	    0	    0	 1511	6408	000	020
2021-05-20 22:10:42	  63 	c1254 	5852 	 3281	   34	    0	    0	 1512	6408	000	020
2021-05-20 22:20:42	  63 	c1254 	5852 	 3281	   34	    0	    0	 1511	6408	000	020
2021-05-20 22:30:42	  63 	c1254 	5852 	 3281	   34	    0	    0	 1512	6408	000	020
2021-05-20 22:40:42	  63 	c1254 	5852 	 3281	   34	    0	    0	 1511	6408	000	020
2021-05-20 22:50:42	  63 	c1254 	5852 	 3281	   34	    0	    0	 1512	6408	000	020
2021-05-20 23:00:42	  63 	c1254 	5852 	 3281	   34	    0	    0	 1510	6408	000	020
2021-05-20 23:10:42	  63 	c1254 	5852 	 3281	   34	    0	    0	 1510	6408	000	020
2021-05-20 23:20:42	  63 	c1254 	5852 	 3281	   28	    0	    0	 1510	6408	000	020
2021-05-20 23:30:42	  63 	c1254 	5852 	 3281	   28	    0	    0	 1511	6408	000	020
2021-05-20 23:40:42	  63 	c1254 	5852 	 3281	   28	    0	    0	 1510	6408	000	020
2021-05-20 23:50:42	  63 	c1254 	5852 	 3281	   28	    0	    0	 1511	6408	000	020
2021-05-21 00:00:42	  63 	c1254 	5852 	 3281	   27	    0	    0	 1510	6408	000	020
2021-05-21 00:10:42	  63 	c1254 	5852 	 3281	   28	    0	    0	 1510	6408	000	020
2021-05-21 00:20:42	  63 	c1254 	5852 	 3281	   28	    0	    0	 1510	6408	000	020
2021-05-21 00:30:42	  63 	c1254 	5852 	 3280	   28	    0	    0	 1510	6406	000	020
2021-05-21 00:40:42	  63 	c1254 	5852 	 3281	   28	    0	    0	 1510	6408	000	020
2021-05-21 00:50:42	  63 	c1254 	5852 	 3281	   28	    0	    0	 1510	6408	000	020
2021-05-21 01:00:42	  63 	c1254 	5852 	 3281	   28	    0	    0	 1510	6408	000	020
2021-05-21 01:10:42	  63 	c1254 	5852 	 3280	   28	    0	    0	 1510	6406	000	020
2021-05-21 01:20:42	  63 	c1254 	5852 	 3280	   28	    0	    0	 1508	6406	000	020
2021-05-21 01:30:42	  63 	c1254 	5852 	 3280	   28	    0	    0	 1508	6406	000	020
2021-05-21 01:40:42	  63 	c1254 	5852 	 3280	   27	    0	    0	 1509	6406	000	020
2021-05-21 01:50:42	  63 	c1254 	5852 	 3280	   28	    0	    0	 1509	6406	000	020
2021-05-21 02:00:42	  63 	c1254 	5852 	 3280	   27	    0	    0	 1508	6406	000	020
2021-05-21 02:10:42	  63 	c1254 	5852 	 3280	   28	    0	    0	 1508	6406	000	020
2021-05-21 02:20:42	  63 	c1254 	5852 	 3280	   28	    0	    0	 1509	6406	000	020
2021-05-21 02:30:42	  63 	c1254 	5852 	 3279	   27	    0	    0	 1508	6404	000	020
2021-05-21 02:40:42	  63 	c1254 	5852 	 3280	   27	    0	    0	 1508	6406	000	020
2021-05-21 02:50:42	  63 	c1254 	5852 	 3280	   27	    0	    0	 1508	6406	000	020
2021-05-21 03:00:42	  63 	c1254 	5852 	 3280	   27	    0	    0	 1508	6406	000	020
2021-05-21 03:10:42	  63 	c1254 	5852 	 3280	   27	    0	    0	 1508	6406	000	020
2021-05-21 03:20:42	  63 	c1254 	5852 	 3280	   27	    0	    0	 1506	6406	000	019
2021-05-21 03:30:42	  63 	c1254 	5852 	 3280	   27	    0	    0	 1506	6406	000	019
2021-05-21 03:40:42	  63 	c1254 	5852 	 3279	   27	    0	    0	 1507	6404	000	019
2021-05-21 03:40:43	 795 	c1254						 3607 bytes to file.
Date 	Hmsec 	CounterID 	EventID 	Batt 	Light 	T1 	T2 	TC 	Batt(mV) 	Wgt(g/10) 	CoreTemp(C) 	Version 	1903281141 
2021-05-21 03:50:42	  63 	c1254 	5852 	 3279	   27	    0	    0	 1507	6404	000	019
2021-05-21 04:00:42	  63 	c1254 	5852 	 3279	   27	    0	    0	 1506	6404	000	019
2021-05-21 04:10:42	  63 	c1254 	5852 	 3279	   27	    0	    0	 1508	6404	000	020
2021-05-21 04:20:42	  63 	c1254 	5852 	 3279	   27	    0	    0	 1506	6404	000	019
2021-05-21 04:30:42	  63 	c1254 	5852 	 3278	   28	    0	    0	 1505	6402	000	019
2021-05-21 04:40:42	  63 	c1254 	5852 	 3279	   29	    0	    0	 1506	6404	000	019
2021-05-21 04:50:42	  63 	c1254 	5852 	 3279	   28	    0	    0	 1506	6404	000	019
2021-05-21 05:00:42	  63 	c1254 	5852 	 3278	   29	    0	    0	 1506	6402	000	019
2021-05-21 05:10:42	  63 	c1254 	5852 	 3278	   30	    0	    0	 1506	6402	000	019
2021-05-21 05:20:42	  63 	c1254 	5852 	 3278	   30	    0	    0	 1505	6402	000	019
2021-05-21 05:30:42	  63 	c1254 	5852 	 3279	   33	    0	    0	 1504	6404	000	019
2021-05-21 05:40:42	  63 	c1254 	5852 	 3278	   32	    0	    0	 1505	6402	000	019
2021-05-21 05:50:42	  63 	c1254 	5852 	 3278	   33	    0	    0	 1504	6402	000	019
2021-05-21 06:00:42	  63 	c1254 	5852 	 3278	   32	    0	    0	 1504	6402	000	019
2021-05-21 06:10:42	  63 	c1254 	5852 	 3278	   33	    0	    0	 1504	6402	000	019
2021-05-21 06:20:42	  63 	c1254 	5852 	 3278	   33	    0	    0	 1505	6402	000	019
2021-05-21 06:30:42	  63 	c1254 	5852 	 3278	   36	    0	    0	 1504	6402	000	019
2021-05-21 06:40:42	  63 	c1254 	5852 	 3277	   37	    0	    0	 1504	6400	000	019
2021-05-21 06:50:42	  63 	c1254 	5852 	 3277	   62	    0	    0	 1503	6400	000	019
2021-05-21 07:00:42	  63 	c1254 	5852 	 3277	   86	    0	    0	 1504	6400	000	019
2021-05-21 07:10:42	  63 	c1254 	5852 	 3277	   74	    0	    0	 1504	6400	000	019
2021-05-21 07:20:42	  63 	c1254 	5852 	 3277	   93	    0	    0	 1503	6400	000	019
2021-05-21 07:30:42	  63 	c1254 	5852 	 3277	  144	    0	    0	 1502	6400	000	018
2021-05-21 07:40:42	  63 	c1254 	5852 	 3277	   83	    0	    0	 1504	6400	000	019
2021-05-21 07:50:42	  63 	c1254 	5852 	 3277	   94	    0	    0	 1504	6400	000	019
2021-05-21 08:00:42	  63 	c1254 	5852 	 3277	   97	    0	    0	 1503	6400	000	019
2021-05-21 08:10:42	  63 	c1254 	5852 	 3277	  131	    0	    0	 1504	6400	000	019
2021-05-21 08:20:42	  63 	c1254 	5852 	 3277	  105	    0	    0	 1503	6400	000	019
2021-05-21 08:30:42	  63 	c1254 	5852 	 3277	  126	    0	    0	 1504	6400	000	019
2021-05-21 08:40:42	  63 	c1254 	5852 	 3277	  103	    0	    0	 1504	6400	000	019
2021-05-21 08:50:42	  63 	c1254 	5852 	 3277	   87	    0	    0	 1505	6400	000	019
2021-05-21 09:00:42	  63 	c1254 	5852 	 3277	  113	    0	    0	 1506	6400	000	019
2021-05-21 09:10:42	  63 	c1254 	5852 	 3277	  158	    0	    0	 1506	6400	000	019
2021-05-21 09:20:42	  63 	c1254 	5852 	 3276	  157	    0	    0	 1505	6398	000	019
2021-05-21 09:30:42	  63 	c1254 	5852 	 3277	  175	    0	    0	 1505	6400	000	019
2021-05-21 09:40:42	  63 	c1254 	5852 	 3276	  164	    0	    0	 1506	6398	000	019
2021-05-21 09:50:42	  63 	c1254 	5852 	 3277	  152	    0	    0	 1506	6400	000	019
2021-05-21 10:00:42	  63 	c1254 	5852 	 3276	  169	    0	    0	 1506	6398	000	019
2021-05-21 10:10:42	  63 	c1254 	5852 	 3276	  130	    0	    0	 1505	6398	000	019
2021-05-21 10:20:42	  63 	c1254 	5852 	 3276	  125	    0	    0	 1504	6398	000	019
2021-05-21 10:30:42	  63 	c1254 	5852 	 3276	  114	    0	    0	 1504	6398	000	019
2021-05-21 10:40:42	  63 	c1254 	5852 	 3276	  128	    0	    0	 1505	6398	000	019
2021-05-21 10:50:42	  63 	c1254 	5852 	 3276	  121	    0	    0	 1505	6398	000	019
2021-05-21 11:00:42	  63 	c1254 	5852 	 3277	  152	    0	    0	 1507	6400	000	019
2021-05-21 11:10:42	  63 	c1254 	5852 	 3276	  141	    0	    0	 1507	6398	000	019
2021-05-21 11:20:42	  63 	c1254 	5852 	 3276	  156	    0	    0	 1507	6398	000	019
2021-05-21 11:30:42	  63 	c1254 	5852 	 3276	  149	    0	    0	 1506	6398	000	019
2021-05-21 11:40:42	  63 	c1254 	5852 	 3276	  114	    0	    0	 1508	6398	000	020
2021-05-21 11:50:42	  63 	c1254 	5852 	 3276	  119	    0	    0	 1508	6398	000	020
2021-05-21 12:00:42	  63 	c1254 	5852 	 3277	  135	    0	    0	 1510	6400	000	020
2021-05-21 12:01:28	 804 	c1254						 3539 bytes to file.
Date 	Hmsec 	CounterID 	EventID 	Batt 	Light 	T1 	T2 	TC 	Batt(mV) 	Wgt(g/10) 	CoreTemp(C) 	Version 	1903281141 
2021-05-21 12:01:29	 265 	c1254						 139 bytes to file.
