Date	 Hmsec	 CounterID	 EventID	 CounterMsgID	 Status(bin)	 Status(dec)	 Timer[s/12000]	 Unclear	 Entry	 LookIn	 Exit	 LookOut	 Visits
2019-05-16 15:42:12	1131 	c1254 	2245 	 179 	 10101000 	 168 	 15224496 	 208	 192	 179	 303	 34	 337	 
2019-05-16 15:42:14	 557 	c1254 	2246 	 183 	 10101000 	 168 	 15241248 	 209	 192	 179	 303	 34	 337	 
2019-05-16 22:52:36	 877 	c1254	367 bytes to file.
Date	 Hmsec	 CounterID	 EventID	 CounterMsgID	 Status(bin)	 Status(dec)	 Timer[s/12000]	 Unclear	 Entry	 LookIn	 Exit	 LookOut	 Visits
2019-05-17 07:22:36	 798 	c1254	161 bytes to file.
Date	 Hmsec	 CounterID	 EventID	 CounterMsgID	 Status(bin)	 Status(dec)	 Timer[s/12000]	 Unclear	 Entry	 LookIn	 Exit	 LookOut	 Visits
2019-05-17 08:35:44	 255 	c1254 	2247 	 187 	 10101000 	 168 	 13554968 	 210	 192	 179	 303	 34	 337	 
2019-05-17 08:47:45	1043 	c1254 	2251 	 197 	 10101000 	 168 	 4611424 	 211	 192	 179	 303	 34	 337	 
2019-05-17 08:47:48	 287 	c1254 	2252 	 201 	 10101000 	 168 	 4636888 	 212	 192	 179	 303	 34	 337	 
2019-05-17 08:48:09	 792 	c1254 	2253 	 207 	 10101000 	 168 	 4869688 	 213	 192	 179	 303	 34	 337	 
2019-05-17 08:50:24	 652 	c1254 	2255 	 213 	 10101000 	 168 	 6334672 	 214	 192	 179	 303	 34	 337	 
2019-05-17 09:08:48	 758 	c1254 	2256 	 217 	 10101000 	 168 	 1571904 	 215	 192	 179	 303	 34	 337	 
2019-05-17 09:08:49	 725 	c1254 	2257 	 221 	 10101000 	 168 	 1582488 	 216	 192	 179	 303	 34	 337	 
2019-05-17 09:22:58	 690 	c1254 	2258 	 225 	 10101000 	 168 	 10823472 	 217	 192	 179	 303	 34	 337	 
2019-05-17 09:24:20	 406 	c1254 	2260 	 233 	 01110100 	 116 	 11713392 	 217	 192	 180	 303	 34	 338	 
2019-05-17 10:10:39	 109 	c1254 	2261 	 240 	 01110100 	 116 	 8521048 	 217	 192	 181	 303	 34	 339	 
2019-05-17 10:31:14	 557 	c1254 	2262 	 245 	 10101000 	 168 	 5237928 	 218	 192	 181	 303	 34	 339	 
2019-05-17 10:31:56	 146 	c1254 	2264 	 253 	 10101000 	 168 	 5692008 	 219	 192	 181	 303	 34	 339	 
2019-05-17 10:53:36	 670 	c1254 	2266 	 3 	 10101000 	 168 	 3093872 	 220	 192	 181	 303	 34	 339	 
2019-05-17 10:53:39	 456 	c1254 	2268 	 9 	 10101000 	 168 	 3124568 	 221	 192	 181	 303	 34	 339	 
2019-05-17 10:53:41	 733 	c1254 	2269 	 13 	 10101000 	 168 	 3149000 	 222	 192	 181	 303	 34	 339	 
2019-05-17 10:54:47	 526 	c1254 	2270 	 17 	 01010100 	 84 	 3866672 	 223	 192	 181	 303	 34	 339	 
2019-05-17 10:54:48	 433 	c1254 	2271 	 23 	 01110100 	 116 	 3876704 	 223	 192	 182	 303	 34	 340	 
2019-05-17 10:59:52	 333 	c1254 	2272 	 30 	 01110100 	 116 	 7189856 	 223	 192	 183	 303	 34	 341	 
2019-05-17 11:00:09	1025 	c1254 	2273 	 37 	 01111000 	 120 	 7381712 	 223	 192	 183	 304	 34	 341	 
2019-05-17 11:01:53	1045 	c1254 	2274 	 43 	 10110100 	 180 	 8515832 	 223	 193	 183	 304	 34	 342	 
2019-05-17 11:02:04	 444 	c1254 	2275 	 51 	 01111000 	 120 	 8630096 	 223	 193	 183	 305	 34	 342	 
2019-05-17 11:03:03	 250 	c1254 	2276 	 61 	 01110100 	 116 	 9271664 	 223	 193	 184	 305	 34	 343	 
2019-05-17 11:03:11	 953 	c1254 	2277 	 67 	 01111000 	 120 	 9365528 	 223	 193	 184	 306	 34	 343	 
2019-05-17 11:03:52	 132 	c1254 	2278 	 73 	 01110100 	 116 	 9804824 	 223	 193	 185	 306	 34	 344	 
2019-05-17 11:04:04	 375 	c1254 	2280 	 82 	 01111000 	 120 	 9937952 	 223	 193	 185	 307	 34	 344	 
2019-05-17 11:04:45	 299 	c1254 	2281 	 90 	 01110100 	 116 	 10384352 	 223	 193	 186	 307	 34	 345	 
2019-05-17 11:04:56	 234 	c1254 	2282 	 98 	 01111000 	 120 	 10503656 	 223	 193	 186	 308	 34	 345	 
2019-05-17 11:05:30	 637 	c1254 	2284 	 107 	 10110100 	 180 	 10878248 	 223	 194	 186	 308	 34	 346	 
2019-05-17 11:05:48	 457 	c1254 	2285 	 115 	 01111000 	 120 	 11072864 	 223	 194	 186	 309	 34	 346	 
2019-05-17 11:06:07	 633 	c1254 	2286 	 121 	 10110100 	 180 	 11281712 	 223	 195	 186	 309	 34	 347	 
2019-05-17 11:06:41	 202 	c1254 	2287 	 129 	 01111000 	 120 	 11648456 	 223	 195	 186	 310	 34	 347	 
2019-05-17 11:07:28	1048 	c1254 	2290 	 143 	 01110100 	 116 	 12169064 	 223	 195	 187	 310	 34	 348	 
2019-05-17 11:07:39	  99 	c1254 	2291 	 152 	 11111000 	 248 	 12280088 	 224	 195	 187	 310	 34	 348	 
2019-05-17 11:08:20	 905 	c1254 	2293 	 163 	 01110100 	 116 	 12734816 	 224	 195	 188	 310	 34	 349	 
2019-05-17 11:08:51	 400 	c1254 	2296 	 179 	 01111000 	 120 	 13068152 	 224	 195	 188	 311	 34	 349	 
2019-05-17 11:09:41	 342 	c1254 	2298 	 189 	 01110100 	 116 	 13613120 	 224	 195	 189	 311	 34	 350	 
2019-05-17 11:09:54	 617 	c1254 	2299 	 195 	 11111000 	 248 	 13757528 	 225	 195	 189	 311	 34	 350	 
2019-05-17 11:10:39	 885 	c1254 	2300 	 201 	 01110100 	 116 	 14250968 	 225	 195	 190	 311	 34	 351	 
2019-05-17 11:10:50	 892 	c1254 	2301 	 210 	 10111000 	 184 	 14371040 	 225	 195	 190	 311	 35	 351	 
2019-05-17 11:12:35	 597 	c1254 	2302 	 216 	 10110100 	 180 	 15513920 	 225	 196	 190	 311	 35	 352	 
2019-05-17 11:13:19	 532 	c1254 	2303 	 222 	 01111000 	 120 	 15993320 	 225	 196	 190	 312	 35	 352	 
2019-05-17 11:14:52	 328 	c1254 	2305 	 230 	 01110100 	 116 	 228760 	 225	 196	 191	 312	 35	 353	 
2019-05-17 11:15:01	 684 	c1254 	2308 	 243 	 10111000 	 184 	 330304 	 225	 196	 191	 312	 36	 353	 
2019-05-17 11:15:26	1029 	c1254 	2309 	 249 	 01110100 	 116 	 606304 	 225	 196	 192	 312	 36	 354	 
2019-05-17 11:15:41	  99 	c1254 	2310 	 4 	 01111000 	 120 	 761200 	 225	 196	 192	 313	 36	 354	 
2019-05-17 11:17:03	 205 	c1254 	2311 	 11 	 10110100 	 180 	 1656880 	 225	 197	 192	 313	 36	 355	 
2019-05-17 11:17:15	 273 	c1254 	2312 	 17 	 10111000 	 184 	 1788472 	 225	 197	 192	 313	 37	 355	 
2019-05-17 11:18:58	 761 	c1254 	2313 	 23 	 01110100 	 116 	 2916976 	 225	 197	 193	 313	 37	 356	 
2019-05-17 11:18:59	 628 	c1254 	2314 	 29 	 01110100 	 116 	 2926624 	 225	 197	 194	 313	 37	 356	 
2019-05-17 11:19:13	   8 	c1254 	2315 	 42 	 01111000 	 120 	 3073528 	 225	 197	 194	 314	 37	 356	 
2019-05-17 11:20:06	 458 	c1254 	2317 	 53 	 01110100 	 116 	 3656104 	 225	 197	 195	 314	 37	 357	 
2019-05-17 11:20:19	 427 	c1254 	2318 	 64 	 01111000 	 120 	 3797680 	 225	 197	 195	 315	 37	 357	 
2019-05-17 11:20:53	 750 	c1254 	2319 	 74 	 10110100 	 180 	 4171792 	 225	 198	 195	 315	 37	 358	 
2019-05-17 11:21:16	 848 	c1254 	2321 	 82 	 01111000 	 120 	 4423768 	 225	 198	 195	 316	 37	 358	 
2019-05-17 11:24:31	 219 	c1254 	2323 	 94 	 10110100 	 180 	 6546184 	 225	 199	 195	 316	 37	 359	 
2019-05-17 11:24:44	 560 	c1254 	2324 	 104 	 01111000 	 120 	 6691288 	 225	 199	 195	 317	 37	 359	 
2019-05-17 11:24:44	1010 	c1254 	2325 	 109 	 10110100 	 180 	 6695536 	 225	 200	 195	 317	 37	 360	 
2019-05-17 11:25:44	 182 	c1254 	2327 	 116 	 01110100 	 116 	 7342624 	 225	 200	 196	 317	 37	 361	 
2019-05-17 11:25:56	  49 	c1254 	2329 	 128 	 10111000 	 184 	 7472344 	 225	 200	 196	 317	 38	 361	 
2019-05-17 11:37:23	 342 	c1254 	2330 	 133 	 11110100 	 244 	 14971672 	 226	 200	 196	 317	 38	 361	 
2019-05-17 11:37:37	1041 	c1254 	2331 	 139 	 01111000 	 120 	 15131032 	 226	 200	 196	 318	 38	 361	 
2019-05-17 11:38:20	 716 	c1254 	2332 	 145 	 10110100 	 180 	 15597088 	 226	 201	 196	 318	 38	 362	 
2019-05-17 11:38:34	 818 	c1254 	2333 	 151 	 01111000 	 120 	 15750808 	 226	 201	 196	 319	 38	 362	 
2019-05-17 11:39:57	 797 	c1254 	2336 	 163 	 01110100 	 116 	 16656280 	 226	 201	 197	 319	 38	 363	 
2019-05-17 11:42:49	 152 	c1254 	2337 	 168 	 10101000 	 168 	 1748832 	 227	 201	 197	 319	 38	 363	 
2019-05-17 11:56:28	 640 	c1254 	2338 	 172 	 10101000 	 168 	 10687128 	 228	 201	 197	 319	 38	 363	 
2019-05-17 11:56:36	 469 	c1254 	2339 	 176 	 10101000 	 168 	 10772784 	 229	 201	 197	 319	 38	 363	 
2019-05-17 11:58:02	 993 	c1254 	2340 	 180 	 10101000 	 168 	 11715816 	 230	 201	 197	 319	 38	 363	 
2019-05-17 12:01:22	 837 	c1254 	2341 	 184 	 10101000 	 168 	 13896240 	 231	 201	 197	 319	 38	 363	 
2019-05-17 12:20:14	 203 	c1254 	2343 	 190 	 10101000 	 168 	 9476288 	 232	 201	 197	 319	 38	 363	 
2019-05-17 12:29:43	 169 	c1254 	2344 	 194 	 10101000 	 168 	 15702128 	 233	 201	 197	 319	 38	 363	 
2019-05-17 12:29:52	 294 	c1254	7398 bytes to file.
Date	 Hmsec	 CounterID	 EventID	 CounterMsgID	 Status(bin)	 Status(dec)	 Timer[s/12000]	 Unclear	 Entry	 LookIn	 Exit	 LookOut	 Visits
2019-05-17 12:32:04	 956 	c1254 	2345 	 198 	 10101000 	 168 	 478744 	 234	 201	 197	 319	 38	 363	 
2019-05-17 12:32:15	 820 	c1254 	2346 	 202 	 10101000 	 168 	 598144 	 235	 201	 197	 319	 38	 363	 
2019-05-17 12:32:18	 848 	c1254 	2347 	 206 	 10101000 	 168 	 631336 	 236	 201	 197	 319	 38	 363	 
2019-05-17 12:32:24	 400 	c1254	464 bytes to file.
Date	 Hmsec	 CounterID	 EventID	 CounterMsgID	 Status(bin)	 Status(dec)	 Timer[s/12000]	 Unclear	 Entry	 LookIn	 Exit	 LookOut	 Visits
2019-05-17 12:32:25	 267 	c1254	161 bytes to file.
Date	 Hmsec	 CounterID	 EventID	 CounterMsgID	 Status(bin)	 Status(dec)	 Timer[s/12000]	 Unclear	 Entry	 LookIn	 Exit	 LookOut	 Visits
2019-05-17 12:32:26	 271 	c1254	161 bytes to file.
Date	 Hmsec	 CounterID	 EventID	 CounterMsgID	 Status(bin)	 Status(dec)	 Timer[s/12000]	 Unclear	 Entry	 LookIn	 Exit	 LookOut	 Visits
2019-05-17 12:32:27	 271 	c1254	161 bytes to file.
