Date 	Hmsec 	CounterID 	EventID 	Batt 	Light 	T1 	T2 	TC 	Batt(mV) 	Wgt(g/10) 	CoreTemp(C) 	Version 	1903281141 
2021-05-11 14:39:11	  63 	c1254 	4620 	 3618	  235	    0	    0	 1510	7066	000	020
2021-05-11 14:49:11	  63 	c1254 	4620 	 3616	  353	    0	    0	 1511	7062	000	020
2021-05-11 14:59:11	  63 	c1254 	4620 	 3614	  278	    0	    0	 1510	7058	000	020
2021-05-11 15:09:11	  63 	c1254 	4620 	 3613	  418	    0	    0	 1510	7056	000	020
2021-05-11 15:19:11	  63 	c1254 	4620 	 3612	  308	    0	    0	 1511	7054	000	020
2021-05-11 15:29:11	  63 	c1254 	4620 	 3611	  249	    0	    0	 1510	7052	000	020
2021-05-11 15:39:11	  63 	c1254 	4620 	 3609	  371	    0	    0	 1510	7048	000	020
2021-05-11 15:49:11	  63 	c1254 	4620 	 3608	  209	    0	    0	 1510	7046	000	020
2021-05-11 15:59:11	  63 	c1254 	4620 	 3607	  179	    0	    0	 1509	7044	000	020
2021-05-11 16:09:11	  63 	c1254 	4620 	 3606	  168	    0	    0	 1509	7042	000	020
2021-05-11 16:19:11	  63 	c1254 	4620 	 3604	  252	    0	    0	 1509	7039	000	020
2021-05-11 16:29:11	  63 	c1254 	4620 	 3603	  311	    0	    0	 1510	7037	000	020
2021-05-11 16:39:11	  63 	c1254 	4620 	 3602	  258	    0	    0	 1511	7035	000	020
2021-05-11 16:49:11	  63 	c1254 	4620 	 3601	  227	    0	    0	 1510	7033	000	020
2021-05-11 16:59:11	  63 	c1254 	4621 	 3600	   30	    0	    0	 1510	7031	000	020
2021-05-11 17:09:11	  63 	c1254 	4621 	 3599	   30	    0	    0	 1512	7029	000	020
2021-05-11 17:19:11	  63 	c1254 	4621 	 3598	   30	    0	    0	 1512	7027	000	020
2021-05-11 17:29:11	  63 	c1254 	4621 	 3596	   30	    0	    0	 1512	7023	000	020
2021-05-11 17:39:11	  63 	c1254 	4621 	 3595	   30	    0	    0	 1511	7021	000	020
2021-05-11 17:49:11	  63 	c1254 	4621 	 3595	   30	    0	    0	 1512	7021	000	020
2021-05-11 17:59:11	  63 	c1254 	4621 	 3593	   30	    0	    0	 1511	7017	000	020
2021-05-11 18:09:11	  63 	c1254 	4621 	 3593	   30	    0	    0	 1511	7017	000	020
2021-05-11 18:19:11	  63 	c1254 	4621 	 3591	   29	    0	    0	 1511	7013	000	020
2021-05-11 18:29:11	  63 	c1254 	4621 	 3590	   30	    0	    0	 1511	7011	000	020
2021-05-11 18:39:11	  63 	c1254 	4621 	 3589	   31	    0	    0	 1511	7009	000	020
2021-05-11 18:49:11	  63 	c1254 	4621 	 3588	   30	    0	    0	 1511	7007	000	020
2021-05-11 18:59:11	  63 	c1254 	4621 	 3588	   29	    0	    0	 1510	7007	000	020
2021-05-11 19:09:11	  63 	c1254 	4621 	 3587	   29	    0	    0	 1510	7005	000	020
2021-05-11 19:19:11	  63 	c1254 	4621 	 3586	   29	    0	    0	 1511	7003	000	020
2021-05-11 19:29:11	  63 	c1254 	4621 	 3585	   29	    0	    0	 1511	7001	000	020
2021-05-11 19:39:11	  63 	c1254 	4621 	 3584	   28	    0	    0	 1511	7000	000	020
2021-05-11 19:49:11	  63 	c1254 	4621 	 3582	   28	    0	    0	 1511	6996	000	020
2021-05-11 19:59:11	  63 	c1254 	4621 	 3581	   22	    0	    0	 1509	6994	000	020
2021-05-11 20:09:11	  63 	c1254 	4621 	 3581	   21	    0	    0	 1510	6994	000	020
2021-05-11 20:19:11	  63 	c1254 	4621 	 3580	   20	    0	    0	 1509	6992	000	020
2021-05-11 20:29:11	  63 	c1254 	4621 	 3579	   20	    0	    0	 1509	6990	000	020
2021-05-11 20:39:11	  63 	c1254 	4621 	 3578	   19	    0	    0	 1510	6988	000	020
2021-05-11 20:49:11	  63 	c1254 	4621 	 3577	   19	    0	    0	 1511	6986	000	020
2021-05-11 20:59:11	  63 	c1254 	4621 	 3576	   19	    0	    0	 1509	6984	000	020
2021-05-11 21:09:11	  63 	c1254 	4621 	 3575	   19	    0	    0	 1508	6982	000	020
2021-05-11 21:19:11	  63 	c1254 	4621 	 3574	   19	    0	    0	 1510	6980	000	020
2021-05-11 21:29:11	  63 	c1254 	4621 	 3573	   19	    0	    0	 1509	6978	000	020
2021-05-11 21:39:11	  63 	c1254 	4621 	 3573	   19	    0	    0	 1509	6978	000	020
2021-05-11 21:49:11	  63 	c1254 	4621 	 3572	   19	    0	    0	 1509	6976	000	020
2021-05-11 21:59:11	  63 	c1254 	4621 	 3571	   19	    0	    0	 1509	6974	000	020
2021-05-11 22:09:11	  63 	c1254 	4621 	 3569	   19	    0	    0	 1508	6970	000	020
2021-05-11 22:19:11	  63 	c1254 	4621 	 3569	   19	    0	    0	 1508	6970	000	020
2021-05-11 22:29:11	  63 	c1254 	4621 	 3568	   19	    0	    0	 1508	6968	000	020
2021-05-11 22:39:11	  63 	c1254 	4621 	 3567	   19	    0	    0	 1507	6966	000	019
2021-05-11 22:49:11	  63 	c1254 	4621 	 3566	   19	    0	    0	 1508	6964	000	020
2021-05-11 22:59:11	  63 	c1254 	4621 	 3565	   19	    0	    0	 1507	6962	000	019
2021-05-11 22:59:12	 647 	c1254						 3607 bytes to file.
Date 	Hmsec 	CounterID 	EventID 	Batt 	Light 	T1 	T2 	TC 	Batt(mV) 	Wgt(g/10) 	CoreTemp(C) 	Version 	1903281141 
2021-05-11 23:09:11	  63 	c1254 	4621 	 3564	   19	    0	    0	 1507	6960	000	019
2021-05-11 23:19:11	  63 	c1254 	4621 	 3564	   18	    0	    0	 1507	6960	000	019
2021-05-11 23:29:11	  63 	c1254 	4621 	 3563	   19	    0	    0	 1507	6958	000	019
2021-05-11 23:39:11	  63 	c1254 	4621 	 3562	   18	    0	    0	 1506	6957	000	019
2021-05-11 23:49:11	  63 	c1254 	4621 	 3561	   19	    0	    0	 1507	6955	000	019
2021-05-11 23:59:11	  63 	c1254 	4621 	 3560	   19	    0	    0	 1506	6953	000	019
2021-05-12 00:09:11	  63 	c1254 	4621 	 3560	   19	    0	    0	 1506	6953	000	019
2021-05-12 00:19:11	  63 	c1254 	4621 	 3558	   19	    0	    0	 1506	6949	000	019
2021-05-12 00:29:11	  63 	c1254 	4621 	 3557	   19	    0	    0	 1507	6947	000	019
2021-05-12 00:39:11	  63 	c1254 	4621 	 3557	   19	    0	    0	 1504	6947	000	019
2021-05-12 00:49:11	  63 	c1254 	4621 	 3556	   19	    0	    0	 1506	6945	000	019
2021-05-12 00:59:11	  63 	c1254 	4621 	 3555	   19	    0	    0	 1505	6943	000	019
2021-05-12 01:09:11	  63 	c1254 	4621 	 3555	   19	    0	    0	 1505	6943	000	019
2021-05-12 01:19:11	  63 	c1254 	4621 	 3554	   19	    0	    0	 1505	6941	000	019
2021-05-12 01:29:11	  63 	c1254 	4621 	 3553	   19	    0	    0	 1506	6939	000	019
2021-05-12 01:39:11	  63 	c1254 	4621 	 3553	   19	    0	    0	 1504	6939	000	019
2021-05-12 01:49:11	  63 	c1254 	4621 	 3551	   19	    0	    0	 1506	6935	000	019
2021-05-12 01:59:11	  63 	c1254 	4621 	 3551	   18	    0	    0	 1505	6935	000	019
2021-05-12 02:09:11	  63 	c1254 	4621 	 3550	   19	    0	    0	 1505	6933	000	019
2021-05-12 02:19:11	  63 	c1254 	4621 	 3549	   19	    0	    0	 1504	6931	000	019
2021-05-12 02:29:11	  63 	c1254 	4621 	 3548	   19	    0	    0	 1504	6929	000	019
2021-05-12 02:39:11	  63 	c1254 	4621 	 3548	   18	    0	    0	 1504	6929	000	019
2021-05-12 02:49:11	  63 	c1254 	4621 	 3547	   19	    0	    0	 1504	6927	000	019
2021-05-12 02:59:11	  63 	c1254 	4621 	 3546	   19	    0	    0	 1504	6925	000	019
2021-05-12 03:09:11	  63 	c1254 	4621 	 3546	   18	    0	    0	 1504	6925	000	019
2021-05-12 03:19:11	  63 	c1254 	4621 	 3545	   18	    0	    0	 1505	6923	000	019
2021-05-12 03:29:11	  63 	c1254 	4621 	 3544	   18	    0	    0	 1505	6921	000	019
2021-05-12 03:39:11	  63 	c1254 	4621 	 3543	   18	    0	    0	 1503	6919	000	019
2021-05-12 03:49:11	  63 	c1254 	4621 	 3542	   19	    0	    0	 1505	6917	000	019
2021-05-12 03:59:11	  63 	c1254 	4621 	 3542	   19	    0	    0	 1503	6917	000	019
2021-05-12 04:09:11	  63 	c1254 	4621 	 3541	   18	    0	    0	 1504	6916	000	019
2021-05-12 04:19:11	  63 	c1254 	4621 	 3541	   19	    0	    0	 1503	6916	000	019
2021-05-12 04:29:11	  63 	c1254 	4621 	 3540	   18	    0	    0	 1504	6914	000	019
2021-05-12 04:39:11	  63 	c1254 	4621 	 3539	   19	    0	    0	 1503	6912	000	019
2021-05-12 04:49:11	  63 	c1254 	4621 	 3538	   18	    0	    0	 1503	6910	000	019
2021-05-12 04:59:11	  63 	c1254 	4621 	 3538	   18	    0	    0	 1503	6910	000	019
2021-05-12 05:09:11	  63 	c1254 	4621 	 3537	   19	    0	    0	 1504	6908	000	019
2021-05-12 05:19:11	  63 	c1254 	4621 	 3536	   19	    0	    0	 1502	6906	000	018
2021-05-12 05:29:11	  63 	c1254 	4621 	 3535	   19	    0	    0	 1502	6904	000	018
2021-05-12 05:39:11	  63 	c1254 	4621 	 3535	   20	    0	    0	 1502	6904	000	018
2021-05-12 05:49:11	  63 	c1254 	4621 	 3534	   20	    0	    0	 1501	6902	000	018
2021-05-12 05:59:11	  63 	c1254 	4621 	 3533	   21	    0	    0	 1502	6900	000	018
2021-05-12 06:09:11	  63 	c1254 	4621 	 3533	   22	    0	    0	 1501	6900	000	018
2021-05-12 06:19:11	  63 	c1254 	4621 	 3532	   19	    0	    0	 1501	6898	000	018
2021-05-12 06:29:11	  63 	c1254 	4621 	 3531	   20	    0	    0	 1500	6896	000	018
2021-05-12 06:39:11	  63 	c1254 	4621 	 3530	   23	    0	    0	 1500	6894	000	018
2021-05-12 06:49:11	  63 	c1254 	4621 	 3530	   24	    0	    0	 1500	6894	000	018
2021-05-12 06:59:11	  63 	c1254 	4621 	 3529	   24	    0	    0	 1500	6892	000	018
2021-05-12 07:09:11	  63 	c1254 	4621 	 3528	   24	    0	    0	 1499	6890	000	018
2021-05-12 07:19:11	  63 	c1254 	4621 	 3527	   25	    0	    0	 1500	6888	000	018
2021-05-12 07:29:11	  63 	c1254 	4621 	 3527	   28	    0	    0	 1499	6888	000	018
2021-05-12 07:29:12	 819 	c1254						 3607 bytes to file.
Date 	Hmsec 	CounterID 	EventID 	Batt 	Light 	T1 	T2 	TC 	Batt(mV) 	Wgt(g/10) 	CoreTemp(C) 	Version 	1903281141 
2021-05-12 07:39:11	  63 	c1254 	4621 	 3526	   28	    0	    0	 1498	6886	000	018
2021-05-12 07:49:11	  63 	c1254 	4621 	 3526	   28	    0	    0	 1499	6886	000	018
2021-05-12 07:59:11	  63 	c1254 	4621 	 3525	   28	    0	    0	 1499	6884	000	018
2021-05-12 08:09:11	  63 	c1254 	4621 	 3525	   13	    0	    0	 1499	6884	000	018
2021-05-12 08:19:11	  63 	c1254 	4621 	 3524	   11	    0	    0	 1499	6882	000	018
2021-05-12 08:29:11	  63 	c1254 	4621 	 3523	   10	    0	    0	 1497	6880	000	017
2021-05-12 08:39:11	  63 	c1254 	4621 	 3522	  161	    0	    0	 1497	6878	000	017
2021-05-12 08:49:11	  63 	c1254 	4621 	 3521	   53	    0	    0	 1497	6876	000	017
2021-05-12 08:59:11	  63 	c1254 	4621 	 3521	  108	    0	    0	 1495	6876	000	017
2021-05-12 09:09:11	  63 	c1254 	4621 	 3521	  115	    0	    0	 1496	6876	000	017
2021-05-12 09:19:11	  63 	c1254 	4621 	 3519	  146	    0	    0	 1496	6873	000	017
2021-05-12 09:29:11	  63 	c1254 	4621 	 3519	   99	    0	    0	 1493	6873	000	017
2021-05-12 09:39:11	  63 	c1254 	4621 	 3518	   84	    0	    0	 1495	6871	000	017
2021-05-12 09:49:11	  63 	c1254 	4621 	 3518	  189	    0	    0	 1494	6871	000	017
2021-05-12 09:59:11	  63 	c1254 	4621 	 3517	  101	    0	    0	 1495	6869	000	017
2021-05-12 10:09:11	  63 	c1254 	4621 	 3517	   40	    0	    0	 1494	6869	000	017
2021-05-12 10:19:11	  63 	c1254 	4621 	 3515	   73	    0	    0	 1493	6865	000	017
2021-05-12 10:29:11	  63 	c1254 	4621 	 3515	   44	    0	    0	 1494	6865	000	017
2021-05-12 10:39:11	  63 	c1254 	4622 	 3514	   44	    0	    0	 1491	6863	000	016
2021-05-12 10:49:11	  63 	c1254 	4622 	 3514	   35	    0	    0	 1492	6863	000	016
2021-05-12 10:59:11	  63 	c1254 	4622 	 3513	   34	    0	    0	 1491	6861	000	016
2021-05-12 11:09:11	  63 	c1254 	4622 	 3512	   37	    0	    0	 1490	6859	000	016
2021-05-12 11:19:11	  63 	c1254 	4622 	 3512	   27	    0	    0	 1491	6859	000	016
2021-05-12 11:29:11	  63 	c1254 	4622 	 3511	   26	    0	    0	 1491	6857	000	016
2021-05-12 11:39:11	  63 	c1254 	4622 	 3510	   26	    0	    0	 1489	6855	000	016
2021-05-12 11:49:11	  63 	c1254 	4622 	 3509	   39	    0	    0	 1490	6853	000	016
2021-05-12 11:59:11	  63 	c1254 	4622 	 3509	   46	    0	    0	 1488	6853	000	016
2021-05-12 12:09:11	  63 	c1254 	4622 	 3508	   45	    0	    0	 1487	6851	000	015
2021-05-12 12:19:11	  63 	c1254 	4622 	 3508	   34	    0	    0	 1489	6851	000	016
2021-05-12 12:29:11	  63 	c1254 	4622 	 3507	   32	    0	    0	 1489	6849	000	016
2021-05-12 12:39:11	  63 	c1254 	4622 	 3506	   40	    0	    0	 1489	6847	000	016
2021-05-12 12:49:11	  63 	c1254 	4622 	 3506	   43	    0	    0	 1490	6847	000	016
2021-05-12 12:59:11	  63 	c1254 	4622 	 3505	   29	    0	    0	 1491	6845	000	016
2021-05-12 13:09:11	  63 	c1254 	4622 	 3505	   29	    0	    0	 1491	6845	000	016
2021-05-12 13:19:11	  63 	c1254 	4622 	 3504	   29	    0	    0	 1493	6843	000	017
2021-05-12 13:29:11	  63 	c1254 	4622 	 3503	   30	    0	    0	 1493	6841	000	017
2021-05-12 13:39:11	  63 	c1254 	4622 	 3503	   30	    0	    0	 1494	6841	000	017
2021-05-12 13:49:11	  63 	c1254 	4622 	 3502	   30	    0	    0	 1496	6839	000	017
2021-05-12 13:59:11	  63 	c1254 	4622 	 3501	   30	    0	    0	 1497	6837	000	017
2021-05-12 14:09:11	  63 	c1254 	4622 	 3502	   31	    0	    0	 1498	6839	000	018
2021-05-12 14:19:11	  63 	c1254 	4622 	 3501	   31	    0	    0	 1499	6837	000	018
2021-05-12 14:29:11	  63 	c1254 	4622 	 3500	   31	    0	    0	 1500	6835	000	018
2021-05-12 14:39:11	  63 	c1254 	4622 	 3500	   31	    0	    0	 1501	6835	000	018
2021-05-12 14:49:11	  63 	c1254 	4622 	 3499	   31	    0	    0	 1501	6833	000	018
2021-05-12 14:59:11	  63 	c1254 	4622 	 3499	   31	    0	    0	 1502	6833	000	018
2021-05-12 15:09:11	  63 	c1254 	4622 	 3498	   31	    0	    0	 1504	6832	000	019
2021-05-12 15:19:11	  63 	c1254 	4622 	 3497	   31	    0	    0	 1505	6830	000	019
2021-05-12 15:29:11	  63 	c1254 	4622 	 3497	   31	    0	    0	 1506	6830	000	019
2021-05-12 15:39:11	  63 	c1254 	4622 	 3497	   31	    0	    0	 1505	6830	000	019
2021-05-12 15:49:11	  63 	c1254 	4622 	 3496	   31	    0	    0	 1508	6828	000	020
2021-05-12 15:59:11	  63 	c1254 	4622 	 3495	   31	    0	    0	 1507	6826	000	019
2021-05-12 15:59:12	 833 	c1254						 3607 bytes to file.
Date 	Hmsec 	CounterID 	EventID 	Batt 	Light 	T1 	T2 	TC 	Batt(mV) 	Wgt(g/10) 	CoreTemp(C) 	Version 	1903281141 
2021-05-12 16:09:11	  63 	c1254 	4622 	 3495	   31	    0	    0	 1508	6826	000	020
2021-05-12 16:19:11	  63 	c1254 	4622 	 3495	   31	    0	    0	 1508	6826	000	020
2021-05-12 16:29:11	  63 	c1254 	4622 	 3494	   31	    0	    0	 1509	6824	000	020
2021-05-12 16:39:11	  63 	c1254 	4622 	 3493	   31	    0	    0	 1509	6822	000	020
2021-05-12 16:49:11	  63 	c1254 	4622 	 3493	   32	    0	    0	 1510	6822	000	020
2021-05-12 16:59:11	  63 	c1254 	4622 	 3493	   31	    0	    0	 1510	6822	000	020
2021-05-12 17:09:11	  63 	c1254 	4622 	 3492	   31	    0	    0	 1510	6820	000	020
2021-05-12 17:19:11	  63 	c1254 	4622 	 3492	   32	    0	    0	 1511	6820	000	020
2021-05-12 17:29:11	  63 	c1254 	4622 	 3491	   31	    0	    0	 1511	6818	000	020
2021-05-12 17:39:11	  63 	c1254 	4622 	 3491	  758	    0	    0	 1511	6818	000	020
2021-05-12 17:49:11	  63 	c1254 	4622 	 3490	  907	    0	    0	 1514	6816	000	021
2021-05-12 17:59:11	  63 	c1254 	4622 	 3490	  943	    0	    0	 1513	6816	000	021
2021-05-12 18:09:11	  63 	c1254 	4622 	 3489	  423	    0	    0	 1514	6814	000	021
2021-05-12 18:19:11	  63 	c1254 	4622 	 3489	  458	    0	    0	 1514	6814	000	021
2021-05-12 18:29:11	  63 	c1254 	4622 	 3489	  445	    0	    0	 1514	6814	000	021
2021-05-12 18:39:11	  63 	c1254 	4622 	 3487	  500	    0	    0	 1515	6810	000	021
2021-05-12 18:49:11	  63 	c1254 	4622 	 3487	  366	    0	    0	 1514	6810	000	021
2021-05-12 18:59:11	  63 	c1254 	4622 	 3486	  290	    0	    0	 1515	6808	000	021
2021-05-12 19:09:11	  63 	c1254 	4622 	 3486	  240	    0	    0	 1515	6808	000	021
2021-05-12 19:19:11	  63 	c1254 	4622 	 3485	  233	    0	    0	 1514	6806	000	021
2021-05-12 19:29:11	  63 	c1254 	4623 	 3485	   30	    0	    0	 1515	6806	000	021
2021-05-12 19:39:11	  63 	c1254 	4624 	 3484	   30	    0	    0	 1515	6804	000	021
2021-05-12 19:49:11	  63 	c1254 	4624 	 3484	   29	    0	    0	 1515	6804	000	021
2021-05-12 19:59:11	  63 	c1254 	4624 	 3483	   29	    0	    0	 1515	6802	000	021
2021-05-12 20:09:11	  63 	c1254 	4624 	 3482	   29	    0	    0	 1514	6800	000	021
2021-05-12 20:19:11	  63 	c1254 	4624 	 3482	   29	    0	    0	 1514	6800	000	021
2021-05-12 20:29:11	  63 	c1254 	4624 	 3482	   29	    0	    0	 1515	6800	000	021
2021-05-12 20:39:11	  63 	c1254 	4624 	 3481	   29	    0	    0	 1513	6798	000	021
2021-05-12 20:49:11	  63 	c1254 	4624 	 3481	   29	    0	    0	 1513	6798	000	021
2021-05-12 20:59:11	  63 	c1254 	4624 	 3480	   29	    0	    0	 1513	6796	000	021
2021-05-12 21:09:11	  63 	c1254 	4624 	 3479	   29	    0	    0	 1513	6794	000	021
2021-05-12 21:19:11	  63 	c1254 	4624 	 3478	   29	    0	    0	 1513	6792	000	021
2021-05-12 21:29:11	  63 	c1254 	4624 	 3478	   29	    0	    0	 1513	6792	000	021
2021-05-12 21:39:11	  63 	c1254 	4624 	 3477	   29	    0	    0	 1513	6791	000	021
2021-05-12 21:49:11	  63 	c1254 	4624 	 3476	   29	    0	    0	 1512	6789	000	020
2021-05-12 21:59:11	  63 	c1254 	4624 	 3476	   29	    0	    0	 1512	6789	000	020
2021-05-12 22:09:11	  63 	c1254 	4624 	 3475	   30	    0	    0	 1513	6787	000	021
2021-05-12 22:19:11	  63 	c1254 	4624 	 3475	   29	    0	    0	 1511	6787	000	020
2021-05-12 22:29:11	  63 	c1254 	4624 	 3474	   29	    0	    0	 1512	6785	000	020
2021-05-12 22:39:11	  63 	c1254 	4624 	 3474	   29	    0	    0	 1510	6785	000	020
2021-05-12 22:49:11	  63 	c1254 	4624 	 3472	   29	    0	    0	 1511	6781	000	020
2021-05-12 22:59:11	  63 	c1254 	4624 	 3472	   29	    0	    0	 1510	6781	000	020
2021-05-12 23:09:11	  63 	c1254 	4624 	 3472	   29	    0	    0	 1511	6781	000	020
2021-05-12 23:19:11	  63 	c1254 	4624 	 3471	   29	    0	    0	 1511	6779	000	020
2021-05-12 23:29:11	  63 	c1254 	4624 	 3470	   29	    0	    0	 1510	6777	000	020
2021-05-12 23:39:11	  63 	c1254 	4624 	 3470	   29	    0	    0	 1510	6777	000	020
2021-05-12 23:49:11	  63 	c1254 	4624 	 3469	   29	    0	    0	 1509	6775	000	020
2021-05-12 23:59:11	  63 	c1254 	4624 	 3469	   29	    0	    0	 1510	6775	000	020
2021-05-13 00:09:11	  63 	c1254 	4624 	 3468	   29	    0	    0	 1509	6773	000	020
2021-05-13 00:19:11	  63 	c1254 	4624 	 3467	   29	    0	    0	 1509	6771	000	020
2021-05-13 00:29:11	  63 	c1254 	4624 	 3467	   29	    0	    0	 1509	6771	000	020
2021-05-13 00:29:12	 827 	c1254						 3607 bytes to file.
Date 	Hmsec 	CounterID 	EventID 	Batt 	Light 	T1 	T2 	TC 	Batt(mV) 	Wgt(g/10) 	CoreTemp(C) 	Version 	1903281141 
2021-05-13 00:39:11	  63 	c1254 	4624 	 3466	   29	    0	    0	 1509	6769	000	020
2021-05-13 00:49:11	  63 	c1254 	4624 	 3466	   29	    0	    0	 1509	6769	000	020
2021-05-13 00:59:11	  63 	c1254 	4624 	 3465	   29	    0	    0	 1508	6767	000	020
2021-05-13 01:09:11	  63 	c1254 	4624 	 3464	   29	    0	    0	 1508	6765	000	020
2021-05-13 01:19:11	  63 	c1254 	4624 	 3464	   29	    0	    0	 1508	6765	000	020
2021-05-13 01:29:11	  63 	c1254 	4624 	 3464	   28	    0	    0	 1507	6765	000	019
2021-05-13 01:39:11	  63 	c1254 	4624 	 3462	   29	    0	    0	 1509	6761	000	020
2021-05-13 01:49:11	  63 	c1254 	4624 	 3462	   29	    0	    0	 1508	6761	000	020
2021-05-13 01:59:11	  63 	c1254 	4624 	 3462	   29	    0	    0	 1508	6761	000	020
2021-05-13 02:09:11	  63 	c1254 	4624 	 3462	   29	    0	    0	 1508	6761	000	020
2021-05-13 02:19:11	  63 	c1254 	4624 	 3461	   29	    0	    0	 1508	6759	000	020
2021-05-13 02:29:11	  63 	c1254 	4624 	 3460	   29	    0	    0	 1508	6757	000	020
2021-05-13 02:39:11	  63 	c1254 	4624 	 3459	   29	    0	    0	 1507	6755	000	019
2021-05-13 02:49:11	  63 	c1254 	4624 	 3458	   28	    0	    0	 1508	6753	000	020
2021-05-13 02:59:11	  63 	c1254 	4624 	 3458	   29	    0	    0	 1507	6753	000	019
2021-05-13 03:09:11	  63 	c1254 	4624 	 3458	   29	    0	    0	 1507	6753	000	019
2021-05-13 03:19:11	  63 	c1254 	4624 	 3457	   29	    0	    0	 1507	6751	000	019
2021-05-13 03:29:11	  63 	c1254 	4624 	 3457	   28	    0	    0	 1508	6751	000	020
2021-05-13 03:39:11	  63 	c1254 	4624 	 3456	   28	    0	    0	 1506	6750	000	019
2021-05-13 03:49:11	  63 	c1254 	4624 	 3456	   29	    0	    0	 1506	6750	000	019
2021-05-13 03:59:11	  63 	c1254 	4624 	 3456	   29	    0	    0	 1506	6750	000	019
2021-05-13 04:09:11	  63 	c1254 	4624 	 3455	   29	    0	    0	 1507	6748	000	019
2021-05-13 04:19:11	  63 	c1254 	4624 	 3455	   28	    0	    0	 1506	6748	000	019
2021-05-13 04:29:11	  63 	c1254 	4624 	 3454	   28	    0	    0	 1506	6746	000	019
2021-05-13 04:39:11	  63 	c1254 	4624 	 3453	   29	    0	    0	 1506	6744	000	019
2021-05-13 04:49:11	  63 	c1254 	4624 	 3453	   28	    0	    0	 1506	6744	000	019
2021-05-13 04:59:11	  63 	c1254 	4624 	 3452	   28	    0	    0	 1505	6742	000	019
2021-05-13 05:09:11	  63 	c1254 	4624 	 3452	   29	    0	    0	 1506	6742	000	019
2021-05-13 05:19:11	  63 	c1254 	4624 	 3451	   28	    0	    0	 1506	6740	000	019
2021-05-13 05:29:11	  63 	c1254 	4624 	 3450	   29	    0	    0	 1506	6738	000	019
2021-05-13 05:39:11	  63 	c1254 	4624 	 3450	   29	    0	    0	 1506	6738	000	019
2021-05-13 05:49:11	  63 	c1254 	4624 	 3450	   28	    0	    0	 1506	6738	000	019
2021-05-13 05:59:11	  63 	c1254 	4624 	 3449	   28	    0	    0	 1505	6736	000	019
2021-05-13 06:09:11	  63 	c1254 	4624 	 3449	   28	    0	    0	 1505	6736	000	019
2021-05-13 06:19:11	  63 	c1254 	4624 	 3448	   28	    0	    0	 1505	6734	000	019
2021-05-13 06:29:11	  63 	c1254 	4624 	 3448	   28	    0	    0	 1505	6734	000	019
2021-05-13 06:39:11	  63 	c1254 	4624 	 3447	   28	    0	    0	 1504	6732	000	019
2021-05-13 06:49:11	  63 	c1254 	4624 	 3446	   28	    0	    0	 1505	6730	000	019
2021-05-13 06:59:11	  63 	c1254 	4624 	 3446	   28	    0	    0	 1504	6730	000	019
2021-05-13 07:09:11	  63 	c1254 	4624 	 3445	   28	    0	    0	 1504	6728	000	019
2021-05-13 07:19:11	  63 	c1254 	4624 	 3445	   28	    0	    0	 1505	6728	000	019
2021-05-13 07:29:11	  63 	c1254 	4624 	 3444	   28	    0	    0	 1503	6726	000	019
2021-05-13 07:39:11	  63 	c1254 	4624 	 3444	   28	    0	    0	 1506	6726	000	019
2021-05-13 07:49:11	  63 	c1254 	4624 	 3443	   28	    0	    0	 1504	6724	000	019
2021-05-13 07:59:11	  63 	c1254 	4624 	 3443	   28	    0	    0	 1504	6724	000	019
2021-05-13 08:09:11	  63 	c1254 	4624 	 3443	   28	    0	    0	 1503	6724	000	019
2021-05-13 08:19:11	  63 	c1254 	4624 	 3442	   28	    0	    0	 1504	6722	000	019
2021-05-13 08:29:11	  63 	c1254 	4624 	 3441	   28	    0	    0	 1503	6720	000	019
2021-05-13 08:39:11	  63 	c1254 	4624 	 3441	   29	    0	    0	 1503	6720	000	019
2021-05-13 08:49:11	  63 	c1254 	4624 	 3440	   28	    0	    0	 1503	6718	000	019
2021-05-13 08:59:11	  63 	c1254 	4624 	 3440	   28	    0	    0	 1504	6718	000	019
2021-05-13 08:59:12	 842 	c1254						 3607 bytes to file.
Date 	Hmsec 	CounterID 	EventID 	Batt 	Light 	T1 	T2 	TC 	Batt(mV) 	Wgt(g/10) 	CoreTemp(C) 	Version 	1903281141 
2021-05-13 09:09:11	  63 	c1254 	4624 	 3440	   29	    0	    0	 1502	6718	000	018
2021-05-13 09:19:11	  63 	c1254 	4624 	 3439	   28	    0	    0	 1503	6716	000	019
2021-05-13 09:29:11	  63 	c1254 	4624 	 3438	   28	    0	    0	 1503	6714	000	019
2021-05-13 09:39:11	  63 	c1254 	4624 	 3438	   29	    0	    0	 1503	6714	000	019
2021-05-13 09:49:11	  63 	c1254 	4624 	 3437	   29	    0	    0	 1502	6712	000	018
2021-05-13 09:59:11	  63 	c1254 	4624 	 3437	   29	    0	    0	 1502	6712	000	018
2021-05-13 10:09:11	  63 	c1254 	4624 	 3436	   28	    0	    0	 1502	6710	000	018
2021-05-13 10:19:11	  63 	c1254 	4624 	 3436	   28	    0	    0	 1503	6710	000	019
2021-05-13 10:29:11	  63 	c1254 	4624 	 3435	   28	    0	    0	 1502	6708	000	018
2021-05-13 10:39:11	  63 	c1254 	4624 	 3435	   29	    0	    0	 1503	6708	000	019
2021-05-13 10:49:11	  63 	c1254 	4624 	 3434	   29	    0	    0	 1503	6707	000	019
2021-05-13 10:59:11	  63 	c1254 	4624 	 3433	   29	    0	    0	 1502	6705	000	018
2021-05-13 11:09:11	  63 	c1254 	4624 	 3433	   28	    0	    0	 1503	6705	000	019
2021-05-13 11:19:11	  63 	c1254 	4624 	 3433	   29	    0	    0	 1502	6705	000	018
2021-05-13 11:29:11	  63 	c1254 	4624 	 3432	   28	    0	    0	 1502	6703	000	018
2021-05-13 11:39:11	  63 	c1254 	4624 	 3432	   28	    0	    0	 1502	6703	000	018
2021-05-13 11:49:11	  63 	c1254 	4624 	 3431	   28	    0	    0	 1502	6701	000	018
2021-05-13 11:59:11	  63 	c1254 	4624 	 3431	   28	    0	    0	 1502	6701	000	018
2021-05-13 12:09:11	  63 	c1254 	4624 	 3430	   28	    0	    0	 1502	6699	000	018
2021-05-13 12:19:11	  63 	c1254 	4624 	 3430	   29	    0	    0	 1502	6699	000	018
2021-05-13 12:29:11	  63 	c1254 	4624 	 3429	   28	    0	    0	 1502	6697	000	018
2021-05-13 12:39:11	  63 	c1254 	4624 	 3429	   29	    0	    0	 1502	6697	000	018
2021-05-13 12:49:11	  63 	c1254 	4624 	 3428	   28	    0	    0	 1503	6695	000	019
2021-05-13 12:59:11	  63 	c1254 	4624 	 3428	   28	    0	    0	 1503	6695	000	019
2021-05-13 13:09:11	  63 	c1254 	4624 	 3428	   29	    0	    0	 1503	6695	000	019
2021-05-13 13:19:11	  63 	c1254 	4624 	 3427	   29	    0	    0	 1503	6693	000	019
2021-05-13 13:29:11	  63 	c1254 	4624 	 3427	   29	    0	    0	 1502	6693	000	018
2021-05-13 13:39:11	  63 	c1254 	4624 	 3426	   29	    0	    0	 1502	6691	000	018
2021-05-13 13:49:11	  63 	c1254 	4624 	 3426	   29	    0	    0	 1503	6691	000	019
2021-05-13 13:59:11	  63 	c1254 	4624 	 3426	   29	    0	    0	 1502	6691	000	018
2021-05-13 14:09:11	  63 	c1254 	4624 	 3425	   29	    0	    0	 1504	6689	000	019
2021-05-13 14:19:11	  63 	c1254 	4624 	 3425	   29	    0	    0	 1502	6689	000	018
2021-05-13 14:29:11	  63 	c1254 	4624 	 3423	   29	    0	    0	 1502	6685	000	018
2021-05-13 14:39:11	  63 	c1254 	4624 	 3423	   28	    0	    0	 1502	6685	000	018
2021-05-13 14:49:11	  63 	c1254 	4624 	 3423	   29	    0	    0	 1503	6685	000	019
2021-05-13 14:59:11	  63 	c1254 	4624 	 3422	   28	    0	    0	 1502	6683	000	018
2021-05-13 15:09:11	  63 	c1254 	4624 	 3422	   28	    0	    0	 1503	6683	000	019
2021-05-13 15:19:11	  63 	c1254 	4624 	 3421	   28	    0	    0	 1503	6681	000	019
2021-05-13 15:29:11	  63 	c1254 	4624 	 3421	   28	    0	    0	 1502	6681	000	018
2021-05-13 15:39:11	  63 	c1254 	4624 	 3420	   29	    0	    0	 1503	6679	000	019
2021-05-13 15:49:11	  63 	c1254 	4624 	 3420	   28	    0	    0	 1503	6679	000	019
2021-05-13 15:59:11	  63 	c1254 	4624 	 3419	   28	    0	    0	 1502	6677	000	018
2021-05-13 16:09:11	  63 	c1254 	4624 	 3419	   28	    0	    0	 1503	6677	000	019
2021-05-13 16:19:11	  63 	c1254 	4624 	 3418	   28	    0	    0	 1503	6675	000	019
2021-05-13 16:29:11	  63 	c1254 	4624 	 3418	   28	    0	    0	 1503	6675	000	019
2021-05-13 16:39:11	  63 	c1254 	4624 	 3418	   28	    0	    0	 1503	6675	000	019
2021-05-13 16:49:11	  63 	c1254 	4624 	 3418	   29	    0	    0	 1503	6675	000	019
2021-05-13 16:59:11	  63 	c1254 	4624 	 3417	   29	    0	    0	 1504	6673	000	019
2021-05-13 17:09:11	  63 	c1254 	4624 	 3417	   28	    0	    0	 1504	6673	000	019
2021-05-13 17:19:11	  63 	c1254 	4624 	 3417	   28	    0	    0	 1503	6673	000	019
2021-05-13 17:29:11	  63 	c1254 	4624 	 3416	   28	    0	    0	 1503	6671	000	019
2021-05-13 17:29:12	 806 	c1254						 3607 bytes to file.
Date 	Hmsec 	CounterID 	EventID 	Batt 	Light 	T1 	T2 	TC 	Batt(mV) 	Wgt(g/10) 	CoreTemp(C) 	Version 	1903281141 
2021-05-13 17:39:11	  63 	c1254 	4624 	 3416	   28	    0	    0	 1503	6671	000	019
2021-05-13 17:49:11	  63 	c1254 	4624 	 3415	   28	    0	    0	 1502	6669	000	018
2021-05-13 17:59:11	  63 	c1254 	4624 	 3415	   28	    0	    0	 1504	6669	000	019
2021-05-13 18:09:11	  63 	c1254 	4624 	 3414	   28	    0	    0	 1504	6667	000	019
2021-05-13 18:19:11	  63 	c1254 	4624 	 3413	   28	    0	    0	 1503	6666	000	019
2021-05-13 18:29:11	  63 	c1254 	4624 	 3413	   28	    0	    0	 1504	6666	000	019
2021-05-13 18:39:11	  63 	c1254 	4624 	 3412	   28	    0	    0	 1504	6664	000	019
2021-05-13 18:49:11	  63 	c1254 	4624 	 3412	   28	    0	    0	 1502	6664	000	018
2021-05-13 18:59:11	  63 	c1254 	4624 	 3412	   28	    0	    0	 1503	6664	000	019
2021-05-13 19:09:11	  63 	c1254 	4624 	 3411	   28	    0	    0	 1503	6662	000	019
2021-05-13 19:19:11	  63 	c1254 	4624 	 3411	   28	    0	    0	 1504	6662	000	019
2021-05-13 19:29:11	  63 	c1254 	4624 	 3411	   28	    0	    0	 1502	6662	000	018
2021-05-13 19:39:11	  63 	c1254 	4624 	 3410	   28	    0	    0	 1503	6660	000	019
2021-05-13 19:49:11	  63 	c1254 	4624 	 3409	   28	    0	    0	 1503	6658	000	019
2021-05-13 19:59:11	  63 	c1254 	4624 	 3409	   28	    0	    0	 1502	6658	000	018
2021-05-13 20:09:11	  63 	c1254 	4624 	 3409	   28	    0	    0	 1502	6658	000	018
2021-05-13 20:19:11	  63 	c1254 	4624 	 3408	   28	    0	    0	 1503	6656	000	019
2021-05-13 20:29:11	  63 	c1254 	4624 	 3408	   28	    0	    0	 1504	6656	000	019
2021-05-13 20:39:11	  63 	c1254 	4624 	 3408	   28	    0	    0	 1503	6656	000	019
2021-05-13 20:49:11	  63 	c1254 	4624 	 3407	   28	    0	    0	 1504	6654	000	019
2021-05-13 20:59:11	  63 	c1254 	4624 	 3407	   28	    0	    0	 1503	6654	000	019
2021-05-13 21:09:11	  63 	c1254 	4624 	 3407	   28	    0	    0	 1503	6654	000	019
2021-05-13 21:19:11	  63 	c1254 	4624 	 3406	   28	    0	    0	 1503	6652	000	019
2021-05-13 21:29:11	  63 	c1254 	4624 	 3406	   28	    0	    0	 1503	6652	000	019
2021-05-13 21:39:11	  63 	c1254 	4624 	 3405	   28	    0	    0	 1503	6650	000	019
2021-05-13 21:49:11	  63 	c1254 	4624 	 3405	   28	    0	    0	 1503	6650	000	019
2021-05-13 21:59:11	  63 	c1254 	4624 	 3405	   28	    0	    0	 1504	6650	000	019
2021-05-13 22:09:11	  63 	c1254 	4624 	 3404	   28	    0	    0	 1504	6648	000	019
2021-05-13 22:19:11	  63 	c1254 	4624 	 3404	   28	    0	    0	 1503	6648	000	019
2021-05-13 22:29:11	  63 	c1254 	4624 	 3403	   28	    0	    0	 1504	6646	000	019
2021-05-13 22:39:11	  63 	c1254 	4624 	 3403	   28	    0	    0	 1504	6646	000	019
2021-05-13 22:49:11	  63 	c1254 	4624 	 3402	   28	    0	    0	 1504	6644	000	019
2021-05-13 22:59:11	  63 	c1254 	4624 	 3402	   28	    0	    0	 1503	6644	000	019
2021-05-13 23:09:11	  63 	c1254 	4624 	 3402	   28	    0	    0	 1503	6644	000	019
2021-05-13 23:19:11	  63 	c1254 	4624 	 3401	   28	    0	    0	 1503	6642	000	019
2021-05-13 23:29:11	  63 	c1254 	4624 	 3401	   28	    0	    0	 1503	6642	000	019
2021-05-13 23:39:11	  63 	c1254 	4624 	 3401	   28	    0	    0	 1504	6642	000	019
2021-05-13 23:49:11	  63 	c1254 	4624 	 3400	   28	    0	    0	 1504	6640	000	019
2021-05-13 23:59:11	  63 	c1254 	4624 	 3400	   28	    0	    0	 1504	6640	000	019
2021-05-14 00:09:11	  63 	c1254 	4624 	 3399	   28	    0	    0	 1502	6638	000	018
2021-05-14 00:19:11	  63 	c1254 	4624 	 3399	   28	    0	    0	 1503	6638	000	019
2021-05-14 00:29:11	  63 	c1254 	4624 	 3399	   28	    0	    0	 1504	6638	000	019
2021-05-14 00:39:11	  63 	c1254 	4624 	 3398	   29	    0	    0	 1503	6636	000	019
2021-05-14 00:49:11	  63 	c1254 	4624 	 3398	   28	    0	    0	 1504	6636	000	019
2021-05-14 00:59:11	  63 	c1254 	4624 	 3398	   28	    0	    0	 1504	6636	000	019
2021-05-14 01:09:11	  63 	c1254 	4624 	 3397	   28	    0	    0	 1503	6634	000	019
2021-05-14 01:19:11	  63 	c1254 	4624 	 3397	   28	    0	    0	 1504	6634	000	019
2021-05-14 01:29:11	  63 	c1254 	4624 	 3396	   28	    0	    0	 1503	6632	000	019
2021-05-14 01:39:11	  63 	c1254 	4624 	 3396	   28	    0	    0	 1503	6632	000	019
2021-05-14 01:49:11	  63 	c1254 	4624 	 3396	   28	    0	    0	 1503	6632	000	019
2021-05-14 01:59:11	  63 	c1254 	4624 	 3395	   28	    0	    0	 1504	6630	000	019
2021-05-14 01:59:12	 835 	c1254						 3607 bytes to file.
Date 	Hmsec 	CounterID 	EventID 	Batt 	Light 	T1 	T2 	TC 	Batt(mV) 	Wgt(g/10) 	CoreTemp(C) 	Version 	1903281141 
2021-05-14 02:09:11	  63 	c1254 	4624 	 3395	   28	    0	    0	 1504	6630	000	019
2021-05-14 02:19:11	  63 	c1254 	4624 	 3395	   28	    0	    0	 1503	6630	000	019
2021-05-14 02:29:11	  63 	c1254 	4624 	 3394	   28	    0	    0	 1504	6628	000	019
2021-05-14 02:39:11	  63 	c1254 	4624 	 3394	   28	    0	    0	 1504	6628	000	019
2021-05-14 02:49:11	  63 	c1254 	4624 	 3394	   28	    0	    0	 1504	6628	000	019
2021-05-14 02:59:11	  63 	c1254 	4624 	 3393	   28	    0	    0	 1503	6626	000	019
2021-05-14 03:09:11	  63 	c1254 	4624 	 3393	   28	    0	    0	 1504	6626	000	019
2021-05-14 03:19:11	  63 	c1254 	4624 	 3393	   28	    0	    0	 1503	6626	000	019
2021-05-14 03:29:11	  63 	c1254 	4624 	 3392	   28	    0	    0	 1504	6625	000	019
2021-05-14 03:39:11	  63 	c1254 	4624 	 3392	   28	    0	    0	 1503	6625	000	019
2021-05-14 03:49:11	  63 	c1254 	4624 	 3392	   28	    0	    0	 1503	6625	000	019
2021-05-14 03:59:11	  63 	c1254 	4624 	 3391	   28	    0	    0	 1503	6623	000	019
2021-05-14 04:09:11	  63 	c1254 	4624 	 3391	   28	    0	    0	 1503	6623	000	019
2021-05-14 04:19:11	  63 	c1254 	4624 	 3390	   29	    0	    0	 1504	6621	000	019
2021-05-14 04:29:11	  63 	c1254 	4624 	 3389	   28	    0	    0	 1503	6619	000	019
2021-05-14 04:39:11	  63 	c1254 	4624 	 3389	   28	    0	    0	 1502	6619	000	018
2021-05-14 04:49:11	  63 	c1254 	4624 	 3389	   28	    0	    0	 1503	6619	000	019
2021-05-14 04:59:11	  63 	c1254 	4624 	 3389	   28	    0	    0	 1502	6619	000	018
2021-05-14 05:09:11	  63 	c1254 	4624 	 3389	   28	    0	    0	 1502	6619	000	018
2021-05-14 05:19:11	  63 	c1254 	4624 	 3388	   28	    0	    0	 1503	6617	000	019
2021-05-14 05:29:11	  63 	c1254 	4624 	 3388	   28	    0	    0	 1502	6617	000	018
2021-05-14 05:39:11	  63 	c1254 	4624 	 3388	   28	    0	    0	 1502	6617	000	018
2021-05-14 05:49:11	  63 	c1254 	4624 	 3387	   28	    0	    0	 1502	6615	000	018
2021-05-14 05:59:11	  63 	c1254 	4624 	 3387	   28	    0	    0	 1502	6615	000	018
2021-05-14 06:09:11	  63 	c1254 	4624 	 3386	   28	    0	    0	 1502	6613	000	018
2021-05-14 06:19:11	  63 	c1254 	4624 	 3386	   28	    0	    0	 1501	6613	000	018
2021-05-14 06:29:11	  63 	c1254 	4624 	 3385	   28	    0	    0	 1501	6611	000	018
2021-05-14 06:39:11	  63 	c1254 	4624 	 3386	   28	    0	    0	 1502	6613	000	018
2021-05-14 06:49:11	  63 	c1254 	4624 	 3385	   28	    0	    0	 1501	6611	000	018
2021-05-14 06:59:11	  63 	c1254 	4624 	 3385	   29	    0	    0	 1501	6611	000	018
2021-05-14 07:09:11	  63 	c1254 	4624 	 3384	   28	    0	    0	 1502	6609	000	018
2021-05-14 07:19:11	  63 	c1254 	4624 	 3384	   28	    0	    0	 1502	6609	000	018
2021-05-14 07:29:11	  63 	c1254 	4624 	 3383	   28	    0	    0	 1501	6607	000	018
2021-05-14 07:39:11	  63 	c1254 	4624 	 3383	   30	    0	    0	 1502	6607	000	018
2021-05-14 07:49:11	  63 	c1254 	4624 	 3383	   29	    0	    0	 1502	6607	000	018
2021-05-14 07:59:11	  63 	c1254 	4624 	 3382	   29	    0	    0	 1502	6605	000	018
2021-05-14 08:09:11	  63 	c1254 	4624 	 3382	   30	    0	    0	 1502	6605	000	018
2021-05-14 08:19:11	  63 	c1254 	4624 	 3382	   28	    0	    0	 1502	6605	000	018
2021-05-14 08:29:11	  63 	c1254 	4624 	 3381	   27	    0	    0	 1503	6603	000	019
2021-05-14 08:39:11	  63 	c1254 	4624 	 3381	   28	    0	    0	 1501	6603	000	018
2021-05-14 08:49:11	  63 	c1254 	4624 	 3381	   28	    0	    0	 1501	6603	000	018
2021-05-14 08:59:11	  63 	c1254 	4624 	 3380	   55	    0	    0	 1499	6601	000	018
2021-05-14 09:09:11	  63 	c1254 	4625 	 3381	 3918	    0	    0	 1499	6603	000	018
2021-05-14 09:19:11	  63 	c1254 	4629 	 3380	 3806	    0	    0	 1494	6601	000	017
2021-05-14 09:29:11	  63 	c1254 	4632 	 3380	 3247	    0	    0	 1487	6601	000	015
2021-05-14 09:39:11	  63 	c1254 	4638 	 3379	 3805	    0	    0	 1483	6599	000	015
2021-05-14 09:49:11	  63 	c1254 	4650 	 3378	 3760	    0	    0	 1478	6597	000	014
2021-05-14 09:59:11	  63 	c1254 	4665 	 3378	 3273	    0	    0	 1476	6597	000	013
2021-05-14 10:09:11	  63 	c1254 	4678 	 3377	 3741	    0	    0	 1474	6595	000	013
2021-05-14 10:19:09	 797 	c1254						 3471 bytes to file.
Date 	Hmsec 	CounterID 	EventID 	Batt 	Light 	T1 	T2 	TC 	Batt(mV) 	Wgt(g/10) 	CoreTemp(C) 	Version 	1903281141 
2021-05-14 10:19:16	  63 	c1254 	4696 	 3376	 3826	    0	    0	 1472	6593	000	012
2021-05-14 10:29:16	  63 	c1254 	4715 	 3375	 3849	    0	    0	 1472	6591	000	012
2021-05-14 10:39:16	  63 	c1254 	4733 	 3375	 3873	    0	    0	 1470	6591	000	012
2021-05-14 10:49:16	  63 	c1254 	4754 	 3374	 3901	    0	    0	 1470	6589	000	012
2021-05-14 10:59:16	  63 	c1254 	4768 	 3374	 3871	    0	    0	 1469	6589	000	012
2021-05-14 10:59:58	 316 	c1254						 479 bytes to file.
Date 	Hmsec 	CounterID 	EventID 	Batt 	Light 	T1 	T2 	TC 	Batt(mV) 	Wgt(g/10) 	CoreTemp(C) 	Version 	1903281141 
2021-05-14 11:09:20	  63 	c1254 	4773 	 3372	   37	    0	    0	 1470	6585	000	012
2021-05-14 11:19:20	  63 	c1254 	4773 	 3372	   54	    0	    0	 1471	6585	000	012
2021-05-14 11:29:20	  63 	c1254 	4773 	 3371	   68	    0	    0	 1469	6583	000	012
2021-05-14 11:39:20	  63 	c1254 	4773 	 3371	   26	    0	    0	 1470	6583	000	012
2021-05-14 11:49:20	  63 	c1254 	4773 	 3370	   39	    0	    0	 1470	6582	000	012
2021-05-14 11:59:20	  63 	c1254 	4773 	 3370	   42	    0	    0	 1471	6582	000	012
2021-05-14 12:09:20	  63 	c1254 	4773 	 3370	   56	    0	    0	 1472	6582	000	012
2021-05-14 12:19:20	  63 	c1254 	4783 	 3370	 3909	    0	    0	 1473	6582	000	013
2021-05-14 12:29:20	  63 	c1254 	4797 	 3369	 3906	    0	    0	 1475	6580	000	013
2021-05-14 12:39:20	  63 	c1254 	4820 	 3369	 3890	    0	    0	 1476	6580	000	013
2021-05-14 12:49:20	  63 	c1254 	4820 	 3369	 3895	    0	    0	 1475	6580	000	013
2021-05-14 12:59:20	  63 	c1254 	4829 	 3368	 3908	    0	    0	 1475	6578	000	013
2021-05-14 13:09:20	  63 	c1254 	4829 	 3368	 3934	    0	    0	 1477	6578	000	013
2021-05-14 13:19:20	  63 	c1254 	4836 	 3367	 3938	    0	    0	 1478	6576	000	014
2021-05-14 13:29:20	  63 	c1254 	4836 	 3367	 3943	    0	    0	 1479	6576	000	014
2021-05-14 13:39:20	  63 	c1254 	4844 	 3366	 3929	    0	    0	 1481	6574	000	014
2021-05-14 13:44:09	 477 	c1254						 1227 bytes to file.
Date 	Hmsec 	CounterID 	EventID 	Batt 	Light 	T1 	T2 	TC 	Batt(mV) 	Wgt(g/10) 	CoreTemp(C) 	Version 	1903281141 
2021-05-14 13:49:24	  63 	c1254 	4875 	 3365	 3919	    0	    0	 1480	6572	000	014
2021-05-14 13:59:24	  63 	c1254 	4886 	 3365	 3914	    0	    0	 1480	6572	000	014
2021-05-14 14:09:24	  63 	c1254 	4889 	 3365	 3918	    0	    0	 1480	6572	000	014
2021-05-14 14:19:24	  63 	c1254 	4890 	 3365	 3920	    0	    0	 1484	6572	000	015
2021-05-14 14:29:24	  63 	c1254 	4890 	 3365	 3995	    0	    1	 1488	6572	000	016
2021-05-14 14:39:24	  63 	c1254 	4891 	 3366	 2990	    0	    0	 1495	6574	000	017
2021-05-14 14:49:24	  63 	c1254 	4891 	 3365	   81	    0	    0	 1497	6572	000	017
2021-05-14 14:59:24	  63 	c1254 	4891 	 3365	   94	    0	    0	 1499	6572	000	018
2021-05-14 15:09:24	  63 	c1254 	4891 	 3365	   32	    0	    0	 1499	6572	000	018
2021-05-14 15:19:24	  63 	c1254 	4891 	 3365	   32	    0	    0	 1499	6572	000	018
2021-05-14 15:29:24	  63 	c1254 	4891 	 3365	   31	    0	    0	 1499	6572	000	018
2021-05-14 15:39:24	  63 	c1254 	4891 	 3365	   31	    0	    0	 1498	6572	000	018
2021-05-14 15:49:24	  63 	c1254 	4891 	 3365	   31	    0	    0	 1498	6572	000	018
2021-05-14 15:59:24	  63 	c1254 	4891 	 3365	   31	    0	    0	 1497	6572	000	017
2021-05-14 16:09:24	  63 	c1254 	4891 	 3364	   31	    0	    0	 1497	6570	000	017
2021-05-14 16:19:24	  63 	c1254 	4891 	 3364	   31	    0	    0	 1498	6570	000	018
2021-05-14 16:29:24	  63 	c1254 	4891 	 3364	   31	    0	    0	 1497	6570	000	017
2021-05-14 16:39:24	  63 	c1254 	4891 	 3365	   31	    0	    0	 1498	6572	000	018
2021-05-14 16:49:24	  63 	c1254 	4892 	 3364	  238	    0	    0	 1498	6570	000	018
2021-05-14 16:57:39	 467 	c1254						 1431 bytes to file.
