Date 	Hmsec 	CounterID 	EventID 	Batt 	Light 	T1 	T2 	TC 	Batt(mV) 	Wgt(g/10) 	CoreTemp(C) 	Version 	1903281141 
2019-05-02 14:16:01	  63 	c1254 	 448 	 3383	  103	    0	    0	 1514	6607	000	021
2019-05-02 14:26:01	  63 	c1254 	 448 	 3383	  118	    0	    0	 1515	6607	000	021
2019-05-02 14:36:01	  63 	c1254 	 448 	 3383	  164	    0	    0	 1516	6607	000	021
2019-05-02 14:46:01	  63 	c1254 	 448 	 3383	  162	    0	    0	 1515	6607	000	021
2019-05-02 14:56:01	  63 	c1254 	 448 	 3383	   87	    0	    0	 1515	6607	000	021
2019-05-02 15:06:01	  63 	c1254 	 448 	 3383	   98	    0	    0	 1517	6607	000	021
2019-05-02 15:16:01	  63 	c1254 	 448 	 3383	   92	    0	    0	 1518	6607	000	022
2019-05-02 15:26:01	  63 	c1254 	 448 	 3382	   87	    0	    0	 1518	6605	000	022
2019-05-02 15:36:01	  63 	c1254 	 448 	 3382	   89	    0	    0	 1518	6605	000	022
2019-05-02 15:46:01	  63 	c1254 	 448 	 3382	  243	    0	    0	 1519	6605	000	022
2019-05-02 15:56:01	  63 	c1254 	 448 	 3382	  117	    0	    0	 1519	6605	000	022
2019-05-02 16:06:01	  63 	c1254 	 448 	 3382	   69	    0	    0	 1518	6605	000	022
2019-05-02 16:16:01	  63 	c1254 	 448 	 3383	   86	    0	    0	 1518	6607	000	022
2019-05-02 16:26:01	  63 	c1254 	 448 	 3382	   38	    0	    0	 1518	6605	000	022
2019-05-02 16:36:01	  63 	c1254 	 449 	 3381	   16	    0	    0	 1520	6603	000	022
2019-05-02 16:46:01	  63 	c1254 	 449 	 3382	   19	    0	    0	 1520	6605	000	022
2019-05-02 16:56:01	  63 	c1254 	 449 	 3382	   23	    0	    0	 1522	6605	000	022
2019-05-02 17:06:01	  63 	c1254 	 450 	 3382	    0	    0	    0	 1522	6605	000	022
2019-05-02 17:16:01	  63 	c1254 	 450 	 3381	    0	    0	    0	 1523	6603	000	023
2019-05-02 17:26:01	  63 	c1254 	 450 	 3381	    0	    0	    0	 1522	6603	000	022
2019-05-02 17:36:01	  63 	c1254 	 450 	 3381	    1	    0	    0	 1524	6603	000	023
2019-05-02 17:46:01	  63 	c1254 	 450 	 3381	    0	    0	    0	 1523	6603	000	023
2019-05-02 17:56:01	  63 	c1254 	 450 	 3381	    0	    0	    0	 1523	6603	000	023
2019-05-02 18:06:01	  63 	c1254 	 450 	 3381	    0	    0	    0	 1524	6603	000	023
2019-05-02 18:16:01	  63 	c1254 	 450 	 3381	    0	    0	    0	 1522	6603	000	022
2019-05-02 18:26:01	  63 	c1254 	 450 	 3380	    0	    0	    0	 1522	6601	000	022
2019-05-02 18:36:01	  63 	c1254 	 450 	 3380	    0	    0	    0	 1522	6601	000	022
2019-05-02 18:46:01	  63 	c1254 	 450 	 3380	    0	    0	    0	 1521	6601	000	022
2019-05-02 18:56:01	  63 	c1254 	 450 	 3380	    0	    0	    0	 1520	6601	000	022
2019-05-02 19:06:01	  63 	c1254 	 450 	 3380	    0	    0	    0	 1520	6601	000	022
2019-05-02 19:16:01	  63 	c1254 	 450 	 3380	    0	    0	    0	 1518	6601	000	022
2019-05-02 19:26:01	  63 	c1254 	 450 	 3379	    0	    0	    0	 1516	6599	000	021
2019-05-02 19:36:01	  63 	c1254 	 450 	 3379	    0	    0	    0	 1515	6599	000	021
2019-05-02 19:46:01	  63 	c1254 	 450 	 3378	    0	    0	    0	 1513	6597	000	021
2019-05-02 19:56:01	  63 	c1254 	 450 	 3379	    0	    0	    0	 1512	6599	000	020
2019-05-02 20:06:01	  63 	c1254 	 450 	 3378	    0	    0	    0	 1512	6597	000	020
2019-05-02 20:16:01	  63 	c1254 	 450 	 3377	    0	    0	    0	 1511	6595	000	020
2019-05-02 20:26:01	  63 	c1254 	 450 	 3377	    0	    0	    0	 1509	6595	000	020
2019-05-02 20:36:01	  63 	c1254 	 450 	 3377	    0	    0	    0	 1507	6595	000	019
2019-05-02 20:46:01	  63 	c1254 	 450 	 3377	    0	    0	    0	 1505	6595	000	019
2019-05-02 20:56:01	  63 	c1254 	 450 	 3376	    0	    0	    0	 1505	6593	000	019
2019-05-02 21:06:01	  63 	c1254 	 450 	 3376	    0	    0	    0	 1503	6593	000	019
2019-05-02 21:16:01	  63 	c1254 	 450 	 3375	    0	    0	    0	 1502	6591	000	018
2019-05-02 21:26:01	  63 	c1254 	 450 	 3375	    0	    0	    0	 1501	6591	000	018
2019-05-02 21:36:01	  63 	c1254 	 450 	 3374	    0	    0	    0	 1498	6589	000	018
2019-05-02 21:46:01	  63 	c1254 	 450 	 3374	    0	    0	    0	 1498	6589	000	018
2019-05-02 21:56:01	  63 	c1254 	 450 	 3374	    0	    0	    0	 1497	6589	000	017
2019-05-02 22:06:01	  63 	c1254 	 450 	 3373	    0	    0	    0	 1496	6587	000	017
2019-05-02 22:16:01	  63 	c1254 	 450 	 3373	    0	    0	    0	 1493	6587	000	017
2019-05-02 22:26:01	  63 	c1254 	 450 	 3372	    0	    0	    0	 1493	6585	000	017
2019-05-02 22:36:01	  63 	c1254 	 450 	 3372	    0	    0	    0	 1491	6585	000	016
2019-05-02 22:36:02	 610 	c1254						 3607 bytes to file.
Date 	Hmsec 	CounterID 	EventID 	Batt 	Light 	T1 	T2 	TC 	Batt(mV) 	Wgt(g/10) 	CoreTemp(C) 	Version 	1903281141 
2019-05-02 22:46:01	  63 	c1254 	 450 	 3372	    0	    0	    0	 1491	6585	000	016
2019-05-02 22:56:01	  63 	c1254 	 450 	 3371	    0	    0	    0	 1488	6583	000	016
2019-05-02 23:06:01	  63 	c1254 	 450 	 3371	    0	    0	    0	 1489	6583	000	016
2019-05-02 23:16:01	  63 	c1254 	 450 	 3370	    0	    0	    0	 1488	6582	000	016
2019-05-02 23:26:01	  63 	c1254 	 450 	 3370	    0	    0	    0	 1487	6582	000	015
2019-05-02 23:36:01	  63 	c1254 	 450 	 3369	    0	    0	    0	 1486	6580	000	015
2019-05-02 23:46:01	  63 	c1254 	 450 	 3369	    0	    0	    0	 1485	6580	000	015
2019-05-02 23:56:01	  63 	c1254 	 450 	 3369	    0	    0	    0	 1483	6580	000	015
2019-05-03 00:06:01	  63 	c1254 	 450 	 3369	    0	    0	    0	 1482	6580	000	014
2019-05-03 00:16:01	  63 	c1254 	 450 	 3368	    0	    0	    0	 1482	6578	000	014
2019-05-03 00:26:01	  63 	c1254 	 450 	 3368	    0	    0	    0	 1480	6578	000	014
2019-05-03 00:36:01	  63 	c1254 	 450 	 3367	    0	    0	    0	 1481	6576	000	014
2019-05-03 00:46:01	  63 	c1254 	 450 	 3367	    0	    0	    0	 1479	6576	000	014
2019-05-03 00:56:01	  63 	c1254 	 450 	 3366	    0	    0	    0	 1479	6574	000	014
2019-05-03 01:06:01	  63 	c1254 	 450 	 3366	    0	    0	    0	 1478	6574	000	014
2019-05-03 01:16:01	  63 	c1254 	 450 	 3366	    0	    0	    0	 1476	6574	000	013
2019-05-03 01:26:01	  63 	c1254 	 450 	 3366	    0	    0	    0	 1475	6574	000	013
2019-05-03 01:36:01	  63 	c1254 	 450 	 3366	    0	    0	    0	 1475	6574	000	013
2019-05-03 01:46:01	  63 	c1254 	 450 	 3365	    0	    0	    0	 1476	6572	000	013
2019-05-03 01:56:01	  63 	c1254 	 450 	 3364	    0	    0	    0	 1473	6570	000	013
2019-05-03 02:06:01	  63 	c1254 	 450 	 3364	    0	    0	    0	 1474	6570	000	013
2019-05-03 02:16:01	  63 	c1254 	 450 	 3364	    0	    0	    0	 1474	6570	000	013
2019-05-03 02:26:01	  63 	c1254 	 450 	 3364	    0	    0	    0	 1472	6570	000	012
2019-05-03 02:36:01	  63 	c1254 	 450 	 3363	    0	    0	    0	 1473	6568	000	013
2019-05-03 02:46:01	  63 	c1254 	 450 	 3363	    0	    0	    0	 1472	6568	000	012
2019-05-03 02:56:01	  63 	c1254 	 450 	 3363	    0	    0	    0	 1472	6568	000	012
2019-05-03 03:06:01	  63 	c1254 	 450 	 3363	    0	    0	    0	 1471	6568	000	012
2019-05-03 03:16:01	  63 	c1254 	 450 	 3362	    0	    0	    0	 1470	6566	000	012
2019-05-03 03:26:01	  63 	c1254 	 450 	 3361	    0	    0	    0	 1470	6564	000	012
2019-05-03 03:36:01	  63 	c1254 	 450 	 3361	    1	    0	    0	 1469	6564	000	012
2019-05-03 03:46:01	  63 	c1254 	 450 	 3361	    0	    0	    0	 1469	6564	000	012
2019-05-03 03:56:01	  63 	c1254 	 450 	 3361	    0	    0	    0	 1468	6564	000	012
2019-05-03 04:06:01	  63 	c1254 	 450 	 3360	    0	    0	    0	 1468	6562	000	012
2019-05-03 04:16:01	  63 	c1254 	 450 	 3360	    0	    0	    0	 1469	6562	000	012
2019-05-03 04:26:01	  63 	c1254 	 450 	 3360	    0	    0	    0	 1467	6562	000	012
2019-05-03 04:36:01	  63 	c1254 	 450 	 3359	    0	    0	    0	 1467	6560	000	012
2019-05-03 04:46:01	  63 	c1254 	 450 	 3359	    0	    0	    0	 1467	6560	000	012
2019-05-03 04:56:01	  63 	c1254 	 450 	 3359	    0	    0	    0	 1466	6560	000	011
2019-05-03 05:06:01	  63 	c1254 	 450 	 3358	    0	    0	    0	 1465	6558	000	011
2019-05-03 05:16:01	  63 	c1254 	 450 	 3358	    0	    0	    0	 1466	6558	000	011
2019-05-03 05:26:01	  63 	c1254 	 450 	 3358	    0	    0	    0	 1466	6558	000	011
2019-05-03 05:36:01	  63 	c1254 	 450 	 3358	    0	    0	    0	 1465	6558	000	011
2019-05-03 05:46:01	  63 	c1254 	 450 	 3357	    0	    0	    0	 1464	6556	000	011
2019-05-03 05:56:01	  63 	c1254 	 450 	 3357	    0	    0	    0	 1465	6556	000	011
2019-05-03 06:06:01	  63 	c1254 	 450 	 3357	    0	    0	    0	 1463	6556	000	011
2019-05-03 06:16:01	  63 	c1254 	 450 	 3356	    0	    0	    0	 1464	6554	000	011
2019-05-03 06:26:01	  63 	c1254 	 450 	 3356	    0	    0	    0	 1464	6554	000	011
2019-05-03 06:36:01	  63 	c1254 	 450 	 3356	    0	    0	    0	 1463	6554	000	011
2019-05-03 06:46:01	  63 	c1254 	 450 	 3356	    0	    0	    0	 1462	6554	000	011
2019-05-03 06:56:01	  63 	c1254 	 450 	 3355	    0	    0	    0	 1463	6552	000	011
2019-05-03 07:06:01	  63 	c1254 	 450 	 3355	    0	    0	    0	 1461	6552	000	010
2019-05-03 07:06:02	 723 	c1254						 3607 bytes to file.
Date 	Hmsec 	CounterID 	EventID 	Batt 	Light 	T1 	T2 	TC 	Batt(mV) 	Wgt(g/10) 	CoreTemp(C) 	Version 	1903281141 
2019-05-03 07:16:01	  63 	c1254 	 450 	 3355	    0	    0	    0	 1462	6552	000	011
2019-05-03 07:26:01	  63 	c1254 	 450 	 3354	    0	    0	    0	 1461	6550	000	010
2019-05-03 07:36:01	  63 	c1254 	 450 	 3354	    0	    0	    0	 1461	6550	000	010
2019-05-03 07:46:01	  63 	c1254 	 450 	 3354	    0	    0	    0	 1463	6550	000	011
2019-05-03 07:56:01	  63 	c1254 	 450 	 3354	   34	    0	    0	 1464	6550	000	011
2019-05-03 08:06:01	  63 	c1254 	 450 	 3354	   35	    0	    0	 1465	6550	000	011
2019-05-03 08:16:01	  63 	c1254 	 450 	 3354	   33	    0	    0	 1465	6550	000	011
2019-05-03 08:26:01	  63 	c1254 	 450 	 3354	   34	    0	    0	 1465	6550	000	011
2019-05-03 08:36:01	  63 	c1254 	 450 	 3354	   37	    0	    0	 1466	6550	000	011
2019-05-03 08:46:01	  63 	c1254 	 450 	 3354	   38	    0	    0	 1466	6550	000	011
2019-05-03 08:56:01	  63 	c1254 	 450 	 3353	   35	    0	    0	 1465	6548	000	011
2019-05-03 09:06:01	  63 	c1254 	 450 	 3353	   28	    0	    0	 1467	6548	000	012
2019-05-03 09:16:01	  63 	c1254 	 450 	 3353	   28	    0	    0	 1464	6548	000	011
2019-05-03 09:26:01	  63 	c1254 	 450 	 3352	   30	    0	    0	 1464	6546	000	011
2019-05-03 09:36:01	  63 	c1254 	 450 	 3353	   31	    0	    0	 1465	6548	000	011
2019-05-03 09:46:01	  63 	c1254 	 450 	 3352	   32	    0	    0	 1466	6546	000	011
2019-05-03 09:56:01	  63 	c1254 	 450 	 3352	   55	    0	    0	 1467	6546	000	012
2019-05-03 10:06:01	  63 	c1254 	 450 	 3352	   40	    0	    0	 1465	6546	000	011
2019-05-03 10:16:01	  63 	c1254 	 450 	 3352	   60	    0	    0	 1467	6546	000	012
2019-05-03 10:26:01	  63 	c1254 	 459 	 3352	 3446	    0	    0	 1467	6546	000	012
2019-05-03 10:36:01	  63 	c1254 	 469 	 3352	 2725	    0	    0	 1467	6546	000	012
2019-05-03 10:46:01	  63 	c1254 	 471 	 3352	 2891	    0	    0	 1467	6546	000	012
2019-05-03 10:56:01	  63 	c1254 	 479 	 3352	 3628	    0	    0	 1466	6546	000	011
2019-05-03 11:06:01	  63 	c1254 	 497 	 3352	 3811	    0	    0	 1468	6546	000	012
2019-05-03 11:16:01	  63 	c1254 	 543 	 3351	  748	    0	    0	 1472	6544	000	012
2019-05-03 11:26:01	  63 	c1254 	 543 	 3351	   80	    0	    0	 1474	6544	000	013
2019-05-03 11:36:01	  63 	c1254 	 543 	 3351	   52	    0	    0	 1476	6544	000	013
2019-05-03 11:46:01	  63 	c1254 	 543 	 3351	  221	    0	    0	 1477	6544	000	013
2019-05-03 11:56:01	  63 	c1254 	 544 	 3352	  130	    0	    0	 1479	6546	000	014
2019-05-03 12:06:01	  63 	c1254 	 544 	 3351	   97	    0	    0	 1480	6544	000	014
2019-05-03 12:16:01	  63 	c1254 	 544 	 3352	   50	    0	    0	 1483	6546	000	015
2019-05-03 12:22:19	 520 	c1254						 2247 bytes to file.
Date 	Hmsec 	CounterID 	EventID 	Batt 	Light 	T1 	T2 	TC 	Batt(mV) 	Wgt(g/10) 	CoreTemp(C) 	Version 	1903281141 
2019-05-03 12:22:24	  79 	c1254						 139 bytes to file.
Date 	Hmsec 	CounterID 	EventID 	Batt 	Light 	T1 	T2 	TC 	Batt(mV) 	Wgt(g/10) 	CoreTemp(C) 	Version 	1903281141 
2019-05-03 12:22:24	 428 	c1254						 139 bytes to file.
Date 	Hmsec 	CounterID 	EventID 	Batt 	Light 	T1 	T2 	TC 	Batt(mV) 	Wgt(g/10) 	CoreTemp(C) 	Version 	1903281141 
2019-05-03 12:22:25	 199 	c1254						 139 bytes to file.
Date 	Hmsec 	CounterID 	EventID 	Batt 	Light 	T1 	T2 	TC 	Batt(mV) 	Wgt(g/10) 	CoreTemp(C) 	Version 	1903281141 
2019-05-03 12:26:04	  63 	c1254 	 547 	 3352	   31	    0	    0	 1492	6546	000	016
2019-05-03 12:36:04	  63 	c1254 	 547 	 3352	   30	    0	    0	 1494	6546	000	017
2019-05-03 12:46:04	  63 	c1254 	 547 	 3352	   30	    0	    0	 1494	6546	000	017
2019-05-03 12:56:04	  63 	c1254 	 547 	 3353	   31	    0	    0	 1494	6548	000	017
2019-05-03 13:06:04	  63 	c1254 	 547 	 3353	   30	    0	    0	 1494	6548	000	017
2019-05-03 13:16:04	  63 	c1254 	 547 	 3353	   30	    0	    0	 1494	6548	000	017
2019-05-03 13:26:04	  63 	c1254 	 547 	 3353	   30	    0	    0	 1495	6548	000	017
2019-05-03 13:36:04	  63 	c1254 	 547 	 3353	   30	    0	    0	 1495	6548	000	017
2019-05-03 13:46:04	  63 	c1254 	 547 	 3353	   29	    0	    0	 1496	6548	000	017
2019-05-03 13:56:04	  63 	c1254 	 547 	 3353	   29	    0	    0	 1497	6548	000	017
2019-05-03 14:06:04	  63 	c1254 	 547 	 3354	   29	    0	    0	 1497	6550	000	017
2019-05-03 14:16:04	  63 	c1254 	 547 	 3354	   30	    0	    0	 1498	6550	000	018
2019-05-03 14:26:04	  63 	c1254 	 547 	 3353	   30	    0	    0	 1498	6548	000	018
2019-05-03 14:36:04	  63 	c1254 	 547 	 3354	   31	    0	    0	 1498	6550	000	018
2019-05-03 14:46:04	  63 	c1254 	 547 	 3354	   31	    0	    0	 1500	6550	000	018
2019-05-03 14:56:04	  63 	c1254 	 547 	 3354	   30	    0	    0	 1501	6550	000	018
2019-05-03 15:06:04	  63 	c1254 	 547 	 3354	   29	    0	    0	 1500	6550	000	018
2019-05-03 15:16:04	  63 	c1254 	 547 	 3354	   24	    0	    0	 1501	6550	000	018
2019-05-03 15:26:04	  63 	c1254 	 547 	 3354	   28	    0	    0	 1502	6550	000	018
2019-05-03 15:36:04	  63 	c1254 	 547 	 3354	   29	    0	    0	 1503	6550	000	019
2019-05-03 15:46:04	  63 	c1254 	 547 	 3355	   27	    0	    0	 1504	6552	000	019
2019-05-03 15:56:04	  63 	c1254 	 547 	 3355	   30	    0	    0	 1504	6552	000	019
2019-05-03 16:06:04	  63 	c1254 	 547 	 3355	   24	    0	    0	 1503	6552	000	019
2019-05-03 16:16:04	  63 	c1254 	 547 	 3355	   29	    0	    0	 1505	6552	000	019
2019-05-03 16:26:04	  63 	c1254 	 547 	 3355	   30	    0	    0	 1505	6552	000	019
2019-05-03 16:36:04	  63 	c1254 	 547 	 3355	   30	    0	    0	 1505	6552	000	019
2019-05-03 16:46:04	  63 	c1254 	 547 	 3355	   24	    0	    0	 1505	6552	000	019
2019-05-03 16:56:04	  63 	c1254 	 547 	 3355	   31	    0	    0	 1506	6552	000	019
2019-05-03 17:06:04	  63 	c1254 	 547 	 3355	   28	    0	    0	 1507	6552	000	019
2019-05-03 17:16:04	  63 	c1254 	 547 	 3355	   22	    0	    0	 1508	6552	000	020
2019-05-03 17:26:04	  63 	c1254 	 547 	 3355	   17	    0	    0	 1507	6552	000	019
2019-05-03 17:36:04	  63 	c1254 	 547 	 3355	   16	    0	    0	 1507	6552	000	019
2019-05-03 17:46:04	  63 	c1254 	 549 	 3356	   14	    0	    0	 1508	6554	000	020
2019-05-03 17:56:04	  63 	c1254 	 549 	 3355	   13	    0	    0	 1508	6552	000	020
2019-05-03 18:06:04	  63 	c1254 	 549 	 3355	   12	    0	    0	 1509	6552	000	020
2019-05-03 18:16:04	  63 	c1254 	 549 	 3355	   12	    0	    0	 1508	6552	000	020
2019-05-03 18:26:04	  63 	c1254 	 549 	 3356	   14	    0	    0	 1509	6554	000	020
2019-05-03 18:36:04	  63 	c1254 	 549 	 3356	   13	    0	    0	 1508	6554	000	020
2019-05-03 18:46:04	  63 	c1254 	 549 	 3355	   14	    0	    0	 1510	6552	000	020
2019-05-03 18:56:04	  63 	c1254 	 549 	 3356	   12	    0	    0	 1510	6554	000	020
2019-05-03 19:06:04	  63 	c1254 	 549 	 3356	   11	    0	    0	 1510	6554	000	020
2019-05-03 19:16:04	  63 	c1254 	 549 	 3356	   11	    0	    0	 1509	6554	000	020
2019-05-03 19:26:04	  63 	c1254 	 549 	 3356	   10	    0	    0	 1510	6554	000	020
2019-05-03 19:36:04	  63 	c1254 	 549 	 3356	    7	    0	    0	 1511	6554	000	020
2019-05-03 19:46:04	  63 	c1254 	 549 	 3356	    7	    0	    0	 1510	6554	000	020
2019-05-03 19:56:04	  63 	c1254 	 549 	 3356	    6	    0	    0	 1510	6554	000	020
2019-05-03 20:06:04	  63 	c1254 	 549 	 3356	    4	    0	    0	 1511	6554	000	020
2019-05-03 20:16:04	  63 	c1254 	 549 	 3356	    1	    0	    0	 1511	6554	000	020
2019-05-03 20:26:04	  63 	c1254 	 549 	 3356	    1	    0	    0	 1512	6554	000	020
2019-05-03 20:36:04	  63 	c1254 	 549 	 3356	    0	    0	    0	 1511	6554	000	020
2019-05-03 20:46:04	  63 	c1254 	 549 	 3356	    0	    0	    0	 1510	6554	000	020
2019-05-03 20:46:05	 608 	c1254						 3607 bytes to file.
Date 	Hmsec 	CounterID 	EventID 	Batt 	Light 	T1 	T2 	TC 	Batt(mV) 	Wgt(g/10) 	CoreTemp(C) 	Version 	1903281141 
2019-05-03 20:56:04	  63 	c1254 	 549 	 3355	    0	    0	    0	 1510	6552	000	020
2019-05-03 21:06:04	  63 	c1254 	 549 	 3356	    0	    0	    0	 1511	6554	000	020
2019-05-03 21:16:04	  63 	c1254 	 549 	 3355	    1	    0	    0	 1511	6552	000	020
2019-05-03 21:26:04	  63 	c1254 	 549 	 3355	    0	    0	    0	 1511	6552	000	020
2019-05-03 21:36:04	  63 	c1254 	 549 	 3355	    0	    0	    0	 1510	6552	000	020
2019-05-03 21:46:04	  63 	c1254 	 549 	 3355	    0	    0	    0	 1511	6552	000	020
2019-05-03 21:56:04	  63 	c1254 	 549 	 3355	    2	    0	    0	 1510	6552	000	020
2019-05-03 22:06:04	  63 	c1254 	 549 	 3355	    0	    0	    0	 1509	6552	000	020
2019-05-03 22:16:04	  63 	c1254 	 549 	 3356	    0	    0	    0	 1511	6554	000	020
2019-05-03 22:26:04	  63 	c1254 	 550 	 3355	    1	    0	    0	 1510	6552	000	020
2019-05-03 22:36:04	  63 	c1254 	 550 	 3355	    0	    0	    0	 1509	6552	000	020
2019-05-03 22:46:04	  63 	c1254 	 550 	 3355	    0	    0	    0	 1509	6552	000	020
2019-05-03 22:56:04	  63 	c1254 	 550 	 3355	    0	    0	    0	 1510	6552	000	020
2019-05-03 23:06:04	  63 	c1254 	 550 	 3355	    0	    0	    0	 1509	6552	000	020
2019-05-03 23:16:04	  63 	c1254 	 550 	 3355	    0	    0	    0	 1510	6552	000	020
2019-05-03 23:26:04	  63 	c1254 	 550 	 3354	    0	    0	    0	 1509	6550	000	020
2019-05-03 23:36:04	  63 	c1254 	 550 	 3354	    1	    0	    0	 1509	6550	000	020
2019-05-03 23:46:04	  63 	c1254 	 550 	 3354	    0	    0	    0	 1507	6550	000	019
2019-05-03 23:56:04	  63 	c1254 	 550 	 3354	    0	    0	    0	 1508	6550	000	020
2019-05-04 00:06:04	  63 	c1254 	 550 	 3354	    0	    0	    0	 1508	6550	000	020
2019-05-04 00:16:04	  63 	c1254 	 550 	 3354	    0	    0	    0	 1507	6550	000	019
2019-05-04 00:26:04	  63 	c1254 	 550 	 3354	    1	    0	    0	 1506	6550	000	019
2019-05-04 00:36:04	  63 	c1254 	 550 	 3354	    0	    0	    0	 1508	6550	000	020
2019-05-04 00:46:04	  63 	c1254 	 550 	 3354	    0	    0	    0	 1506	6550	000	019
2019-05-04 00:56:04	  63 	c1254 	 550 	 3354	    0	    0	    0	 1505	6550	000	019
2019-05-04 01:06:04	  63 	c1254 	 550 	 3354	    0	    0	    0	 1506	6550	000	019
2019-05-04 01:16:04	  63 	c1254 	 550 	 3353	    0	    0	    0	 1506	6548	000	019
2019-05-04 01:26:04	  63 	c1254 	 550 	 3353	    0	    0	    0	 1505	6548	000	019
2019-05-04 01:36:04	  63 	c1254 	 550 	 3353	    1	    0	    0	 1505	6548	000	019
2019-05-04 01:46:04	  63 	c1254 	 550 	 3353	    0	    0	    0	 1505	6548	000	019
2019-05-04 01:56:04	  63 	c1254 	 550 	 3353	    0	    0	    0	 1504	6548	000	019
2019-05-04 02:06:04	  63 	c1254 	 550 	 3352	    0	    0	    0	 1504	6546	000	019
2019-05-04 02:16:04	  63 	c1254 	 550 	 3352	    0	    0	    0	 1504	6546	000	019
2019-05-04 02:26:04	  63 	c1254 	 550 	 3352	    0	    0	    0	 1503	6546	000	019
2019-05-04 02:36:04	  63 	c1254 	 550 	 3352	    0	    0	    0	 1503	6546	000	019
2019-05-04 02:46:04	  63 	c1254 	 550 	 3352	    0	    0	    0	 1503	6546	000	019
2019-05-04 02:56:04	  63 	c1254 	 550 	 3352	    0	    0	    0	 1502	6546	000	018
2019-05-04 03:06:04	  63 	c1254 	 550 	 3351	    0	    0	    0	 1502	6544	000	018
2019-05-04 03:16:04	  63 	c1254 	 550 	 3351	    0	    0	    0	 1502	6544	000	018
2019-05-04 03:26:04	  63 	c1254 	 550 	 3351	    0	    0	    0	 1502	6544	000	018
2019-05-04 03:36:04	  63 	c1254 	 550 	 3351	    0	    0	    0	 1501	6544	000	018
2019-05-04 03:46:04	  63 	c1254 	 550 	 3351	    0	    0	    0	 1500	6544	000	018
2019-05-04 03:56:04	  63 	c1254 	 550 	 3351	    0	    0	    0	 1501	6544	000	018
2019-05-04 04:06:04	  63 	c1254 	 550 	 3350	    0	    0	    0	 1500	6542	000	018
2019-05-04 04:16:04	  63 	c1254 	 550 	 3350	    0	    0	    0	 1500	6542	000	018
2019-05-04 04:26:04	  63 	c1254 	 550 	 3350	    0	    0	    0	 1500	6542	000	018
2019-05-04 04:36:04	  63 	c1254 	 550 	 3350	    0	    0	    0	 1498	6542	000	018
2019-05-04 04:46:04	  63 	c1254 	 550 	 3350	    0	    0	    0	 1499	6542	000	018
2019-05-04 04:56:04	  63 	c1254 	 550 	 3349	    0	    0	    0	 1498	6541	000	018
2019-05-04 05:06:04	  63 	c1254 	 550 	 3349	    0	    0	    0	 1498	6541	000	018
2019-05-04 05:16:04	  63 	c1254 	 550 	 3349	    1	    0	    0	 1498	6541	000	018
2019-05-04 05:16:05	 722 	c1254						 3607 bytes to file.
Date 	Hmsec 	CounterID 	EventID 	Batt 	Light 	T1 	T2 	TC 	Batt(mV) 	Wgt(g/10) 	CoreTemp(C) 	Version 	1903281141 
2019-05-04 05:26:04	  63 	c1254 	 550 	 3349	    1	    0	    0	 1497	6541	000	017
2019-05-04 05:36:04	  63 	c1254 	 550 	 3349	    1	    0	    0	 1497	6541	000	017
2019-05-04 05:46:04	  63 	c1254 	 550 	 3349	    5	    0	    0	 1496	6541	000	017
2019-05-04 05:56:04	  63 	c1254 	 550 	 3349	    9	    0	    0	 1497	6541	000	017
2019-05-04 06:06:04	  63 	c1254 	 550 	 3348	    7	    0	    0	 1496	6539	000	017
2019-05-04 06:16:04	  63 	c1254 	 550 	 3348	   28	    0	    0	 1496	6539	000	017
2019-05-04 06:26:04	  63 	c1254 	 550 	 3348	   29	    0	    0	 1497	6539	000	017
2019-05-04 06:36:04	  63 	c1254 	 550 	 3348	   30	    0	    0	 1496	6539	000	017
2019-05-04 06:46:04	  63 	c1254 	 550 	 3348	   30	    0	    0	 1497	6539	000	017
2019-05-04 06:56:04	  63 	c1254 	 550 	 3347	   13	    0	    0	 1498	6537	000	018
2019-05-04 07:06:04	  63 	c1254 	 550 	 3348	   30	    0	    0	 1497	6539	000	017
2019-05-04 07:16:04	  63 	c1254 	 550 	 3347	   30	    0	    0	 1497	6537	000	017
2019-05-04 07:26:04	  63 	c1254 	 550 	 3347	   30	    0	    0	 1498	6537	000	018
2019-05-04 07:36:04	  63 	c1254 	 553 	 3347	    0	    0	    0	 1498	6537	000	018
2019-05-04 07:46:04	  63 	c1254 	 553 	 3346	    0	    0	    0	 1495	6535	000	017
2019-05-04 07:56:04	  63 	c1254 	 553 	 3347	    0	    0	    0	 1492	6537	000	016
2019-05-04 08:06:04	  63 	c1254 	 553 	 3346	  115	    0	    0	 1489	6535	000	016
2019-05-04 08:16:04	  63 	c1254 	 553 	 3346	   71	    0	    0	 1488	6535	000	016
2019-05-04 08:26:04	  63 	c1254 	 553 	 3346	   76	    0	    0	 1486	6535	000	015
2019-05-04 08:36:04	  63 	c1254 	 558 	 3346	 3911	    0	    0	 1487	6535	000	015
2019-05-04 08:46:04	  63 	c1254 	 565 	 3346	 3919	    0	    0	 1478	6535	000	014
2019-05-04 08:56:04	  63 	c1254 	 566 	 3345	 3922	    0	    0	 1473	6533	000	013
2019-05-04 09:06:04	  63 	c1254 	 579 	 3344	 3926	    0	    0	 1468	6531	000	012
2019-05-04 09:16:04	  63 	c1254 	 604 	 3343	 3848	    0	    0	 1466	6529	000	011
2019-05-04 09:26:04	  63 	c1254 	 610 	 3342	   64	    0	    0	 1464	6527	000	011
2019-05-04 09:36:04	  63 	c1254 	 610 	 3341	   33	    0	    0	 1467	6525	000	012
2019-05-04 09:46:04	  63 	c1254 	 610 	 3341	   40	    0	    0	 1466	6525	000	011
2019-05-04 09:56:04	  63 	c1254 	 610 	 3340	  242	    0	    0	 1467	6523	000	012
2019-05-04 10:06:04	  63 	c1254 	 610 	 3341	   26	    0	    0	 1467	6525	000	012
2019-05-04 10:16:04	  63 	c1254 	 611 	 3341	  218	    0	    0	 1469	6525	000	012
2019-05-04 10:26:04	  63 	c1254 	 611 	 3340	  239	    0	    0	 1472	6523	000	012
2019-05-04 10:36:04	  63 	c1254 	 611 	 3340	  241	    0	    0	 1476	6523	000	013
2019-05-04 10:46:04	  63 	c1254 	 611 	 3340	  136	    0	    0	 1477	6523	000	013
2019-05-04 10:56:04	  63 	c1254 	 611 	 3341	  167	    0	    0	 1482	6525	000	014
2019-05-04 11:06:04	  63 	c1254 	 611 	 3341	  323	    0	    0	 1484	6525	000	015
2019-05-04 11:16:04	  63 	c1254 	 611 	 3341	  301	    0	    0	 1487	6525	000	015
2019-05-04 11:26:04	  63 	c1254 	 611 	 3341	  258	    0	    0	 1490	6525	000	016
2019-05-04 11:36:04	  63 	c1254 	 611 	 3342	  146	    0	    0	 1490	6527	000	016
2019-05-04 11:46:04	  63 	c1254 	 611 	 3341	  179	    0	    0	 1493	6525	000	017
2019-05-04 11:56:04	  63 	c1254 	 611 	 3342	  190	    0	    0	 1494	6527	000	017
2019-05-04 12:06:04	  63 	c1254 	 611 	 3342	  126	    0	    0	 1495	6527	000	017
2019-05-04 12:16:04	  63 	c1254 	 611 	 3342	  400	    0	    0	 1497	6527	000	017
2019-05-04 12:26:04	  63 	c1254 	 611 	 3342	  679	    0	    0	 1500	6527	000	018
2019-05-04 12:36:04	  63 	c1254 	 611 	 3342	  505	    0	    0	 1500	6527	000	018
2019-05-04 12:46:04	  63 	c1254 	 611 	 3343	   33	    0	    0	 1502	6529	000	018
2019-05-04 12:46:45	 673 	c1254						 3199 bytes to file.
Date 	Hmsec 	CounterID 	EventID 	Batt 	Light 	T1 	T2 	TC 	Batt(mV) 	Wgt(g/10) 	CoreTemp(C) 	Version 	1903281141 
2019-05-04 12:46:49	 874 	c1254						 139 bytes to file.
Date 	Hmsec 	CounterID 	EventID 	Batt 	Light 	T1 	T2 	TC 	Batt(mV) 	Wgt(g/10) 	CoreTemp(C) 	Version 	1903281141 
2019-05-04 12:46:50	 204 	c1254						 139 bytes to file.
Date 	Hmsec 	CounterID 	EventID 	Batt 	Light 	T1 	T2 	TC 	Batt(mV) 	Wgt(g/10) 	CoreTemp(C) 	Version 	1903281141 
2019-05-04 12:46:51	 206 	c1254						 139 bytes to file.
