Date	 Hmsec	 CounterID	 EventID	 CounterMsgID	 Status(bin)	 Status(dec)	 Timer[s/12000]	 Unclear	 Entry	 LookIn	 Exit	 LookOut	 Visits
2019-05-02 16:32:34	 333 	c1254 	449 	 28 	 10101000 	 168 	 6354752 	 69	 72	 71	 115	 30	 134	 
2019-05-02 17:02:55	 127 	c1254 	450 	 32 	 10101000 	 168 	 10007872 	 70	 72	 71	 115	 30	 134	 
2019-05-02 22:36:02	 771 	c1254	356 bytes to file.
Date	 Hmsec	 CounterID	 EventID	 CounterMsgID	 Status(bin)	 Status(dec)	 Timer[s/12000]	 Unclear	 Entry	 LookIn	 Exit	 LookOut	 Visits
2019-05-03 07:06:02	 778 	c1254	161 bytes to file.
Date	 Hmsec	 CounterID	 EventID	 CounterMsgID	 Status(bin)	 Status(dec)	 Timer[s/12000]	 Unclear	 Entry	 LookIn	 Exit	 LookOut	 Visits
2019-05-03 10:18:05	 934 	c1254 	451 	 36 	 01010100 	 84 	 16306320 	 71	 72	 71	 115	 30	 134	 
2019-05-03 10:18:28	 683 	c1254 	454 	 48 	 01110100 	 116 	 16552176 	 71	 72	 72	 115	 30	 135	 
2019-05-03 10:21:06	 176 	c1254 	455 	 55 	 01111000 	 120 	 1475288 	 71	 72	 72	 116	 30	 135	 
2019-05-03 10:21:43	 653 	c1254 	456 	 63 	 01110100 	 116 	 1879064 	 71	 72	 73	 116	 30	 136	 
2019-05-03 10:21:46	 715 	c1254 	457 	 69 	 10110100 	 180 	 1912040 	 71	 73	 73	 116	 30	 136	 
2019-05-03 10:21:54	 991 	c1254 	459 	 79 	 10111000 	 184 	 2000984 	 71	 73	 73	 116	 31	 136	 
2019-05-03 10:27:19	  55 	c1254 	460 	 89 	 10110100 	 180 	 5499848 	 71	 74	 73	 116	 31	 137	 
2019-05-03 10:27:26	 544 	c1254 	462 	 98 	 11111000 	 248 	 5579984 	 72	 74	 73	 116	 31	 137	 
2019-05-03 10:29:35	 326 	c1254 	464 	 110 	 10110100 	 180 	 6970040 	 72	 75	 73	 116	 31	 138	 
2019-05-03 10:29:59	 277 	c1254 	465 	 120 	 01111000 	 120 	 7228568 	 72	 75	 73	 117	 31	 138	 
2019-05-03 10:31:03	1127 	c1254 	466 	 132 	 10110100 	 180 	 7927280 	 72	 76	 73	 117	 31	 139	 
2019-05-03 10:31:22	 373 	c1254 	467 	 140 	 01111000 	 120 	 8125256 	 72	 76	 73	 118	 31	 139	 
2019-05-03 10:31:59	 666 	c1254 	469 	 150 	 01110100 	 116 	 8527376 	 72	 76	 74	 118	 31	 140	 
2019-05-03 10:44:58	  90 	c1254 	471 	 159 	 01111000 	 120 	 150664 	 72	 76	 74	 119	 31	 140	 
2019-05-03 10:52:53	 526 	c1254 	472 	 166 	 11110100 	 244 	 5280280 	 73	 76	 74	 119	 31	 140	 
2019-05-03 10:52:56	1119 	c1254 	473 	 174 	 01110100 	 116 	 5318200 	 73	 76	 75	 119	 31	 141	 
2019-05-03 10:53:51	 245 	c1254 	474 	 181 	 10110100 	 180 	 5903464 	 73	 77	 75	 119	 31	 142	 
2019-05-03 10:53:59	1132 	c1254 	475 	 186 	 01111100 	 124 	 5998096 	 74	 77	 75	 119	 31	 142	 
2019-05-03 10:54:39	1132 	c1254 	476 	 192 	 10110100 	 180 	 6429736 	 74	 78	 75	 119	 31	 143	 
2019-05-03 10:55:01	1140 	c1254 	477 	 198 	 01111000 	 120 	 6667192 	 74	 78	 75	 120	 31	 143	 
2019-05-03 10:55:43	 595 	c1254 	478 	 204 	 01110100 	 116 	 7115344 	 74	 78	 76	 120	 31	 144	 
2019-05-03 10:55:50	 766 	c1254 	479 	 209 	 01111100 	 124 	 7192480 	 75	 78	 76	 120	 31	 144	 
2019-05-03 10:56:31	 352 	c1254 	480 	 216 	 01110100 	 116 	 7631176 	 75	 78	 77	 120	 31	 145	 
2019-05-03 10:56:43	 776 	c1254 	481 	 226 	 01111100 	 124 	 7764688 	 76	 78	 77	 120	 31	 145	 
2019-05-03 10:57:14	 602 	c1254 	482 	 232 	 01110100 	 116 	 8097664 	 76	 78	 78	 120	 31	 146	 
2019-05-03 10:57:24	 200 	c1254 	483 	 241 	 01110100 	 116 	 8201848 	 76	 78	 79	 120	 31	 146	 
2019-05-03 10:57:59	 732 	c1254 	484 	 248 	 01110100 	 116 	 8584600 	 76	 78	 80	 120	 31	 147	 
2019-05-03 10:58:07	 518 	c1254 	485 	 254 	 01111000 	 120 	 8668936 	 76	 78	 80	 121	 31	 147	 
2019-05-03 11:03:17	 593 	c1254 	486 	 4 	 10110100 	 180 	 12016000 	 76	 79	 80	 121	 31	 148	 
2019-05-03 11:03:48	 543 	c1254 	487 	 8 	 10101000 	 168 	 12350200 	 77	 79	 80	 121	 31	 148	 
2019-05-03 11:03:52	 407 	c1254 	489 	 16 	 10111000 	 184 	 12392104 	 77	 79	 80	 121	 32	 148	 
2019-05-03 11:04:10	 173 	c1254 	491 	 22 	 10101000 	 168 	 12584248 	 78	 79	 80	 121	 32	 148	 
2019-05-03 11:04:10	 810 	c1254 	492 	 26 	 10101000 	 168 	 12590224 	 79	 79	 80	 121	 32	 148	 
2019-05-03 11:04:19	 179 	c1254 	493 	 30 	 10101000 	 168 	 12681472 	 80	 79	 80	 121	 32	 148	 
2019-05-03 11:04:21	 186 	c1254 	494 	 34 	 10101000 	 168 	 12703144 	 81	 79	 80	 121	 32	 148	 
2019-05-03 11:05:11	  91 	c1254 	495 	 38 	 10101000 	 168 	 13242400 	 82	 79	 80	 121	 32	 148	 
2019-05-03 11:05:41	 754 	c1254 	496 	 42 	 10101000 	 168 	 13572928 	 83	 79	 80	 121	 32	 148	 
2019-05-03 11:05:54	 865 	c1254 	497 	 46 	 10101000 	 168 	 13714576 	 84	 79	 80	 121	 32	 148	 
2019-05-03 11:06:41	1014 	c1254 	498 	 50 	 10101000 	 168 	 14224504 	 85	 79	 80	 121	 32	 148	 
2019-05-03 11:06:45	 459 	c1254 	499 	 54 	 10101000 	 168 	 14262592 	 86	 79	 80	 121	 32	 148	 
2019-05-03 11:07:01	 717 	c1254 	500 	 58 	 10101000 	 168 	 14438200 	 87	 79	 80	 121	 32	 148	 
2019-05-03 11:07:21	 138 	c1254 	501 	 62 	 10101000 	 168 	 14649256 	 88	 79	 80	 121	 32	 148	 
2019-05-03 11:07:22	 672 	c1254 	502 	 66 	 10101000 	 168 	 14665096 	 89	 79	 80	 121	 32	 148	 
2019-05-03 11:08:55	 191 	c1254 	503 	 70 	 10101000 	 168 	 15668176 	 90	 79	 80	 121	 32	 148	 
2019-05-03 11:08:58	 607 	c1254 	504 	 74 	 10101000 	 168 	 15704608 	 91	 79	 80	 121	 32	 148	 
2019-05-03 11:09:20	 411 	c1254 	505 	 78 	 10101000 	 168 	 15941320 	 92	 79	 80	 121	 32	 148	 
2019-05-03 11:09:25	 855 	c1254 	506 	 82 	 10101000 	 168 	 15999712 	 93	 79	 80	 121	 32	 148	 
2019-05-03 11:09:43	 760 	c1254 	507 	 86 	 10101000 	 168 	 16194040 	 94	 79	 80	 121	 32	 148	 
2019-05-03 11:10:01	 902 	c1254 	508 	 90 	 10101000 	 168 	 16390648 	 95	 79	 80	 121	 32	 148	 
2019-05-03 11:10:02	 377 	c1254 	509 	 94 	 10101000 	 168 	 16396552 	 96	 79	 80	 121	 32	 148	 
2019-05-03 11:10:04	 348 	c1254 	513 	 104 	 10101000 	 168 	 16417984 	 97	 79	 80	 121	 32	 148	 
2019-05-03 11:10:05	1064 	c1254 	514 	 108 	 10101000 	 168 	 16435576 	 98	 79	 80	 121	 32	 148	 
2019-05-03 11:10:06	 510 	c1254 	515 	 112 	 10101000 	 168 	 16441216 	 99	 79	 80	 121	 32	 148	 
2019-05-03 11:10:06	1056 	c1254 	516 	 116 	 10101000 	 168 	 16446352 	 100	 79	 80	 121	 32	 148	 
2019-05-03 11:10:09	 504 	c1254 	517 	 120 	 10101000 	 168 	 16473712 	 101	 79	 80	 121	 32	 148	 
2019-05-03 11:10:11	1073 	c1254 	518 	 124 	 10101000 	 168 	 16500784 	 102	 79	 80	 121	 32	 148	 
2019-05-03 11:10:14	1053 	c1254 	519 	 128 	 10101000 	 168 	 16533160 	 103	 79	 80	 121	 32	 148	 
2019-05-03 11:10:15	 477 	c1254 	520 	 132 	 10101000 	 168 	 16538584 	 104	 79	 80	 121	 32	 148	 
2019-05-03 11:10:15	1047 	c1254 	521 	 136 	 10101000 	 168 	 16543960 	 105	 79	 80	 121	 32	 148	 
2019-05-03 11:10:17	 504 	c1254 	522 	 140 	 10101000 	 168 	 16560544 	 106	 79	 80	 121	 32	 148	 
2019-05-03 11:10:18	1056 	c1254 	523 	 144 	 10101000 	 168 	 16576600 	 107	 79	 80	 121	 32	 148	 
2019-05-03 11:10:19	1071 	c1254 	524 	 148 	 10101000 	 168 	 16587592 	 108	 79	 80	 121	 32	 148	 
2019-05-03 11:10:21	 497 	c1254 	525 	 152 	 10101000 	 168 	 16603888 	 109	 79	 80	 121	 32	 148	 
2019-05-03 11:10:22	1020 	c1254 	526 	 156 	 10101000 	 168 	 16619656 	 110	 79	 80	 121	 32	 148	 
2019-05-03 11:10:23	1022 	c1254 	527 	 160 	 10101000 	 168 	 16630528 	 111	 79	 80	 121	 32	 148	 
2019-05-03 11:10:24	1002 	c1254 	528 	 164 	 10101000 	 168 	 16641184 	 112	 79	 80	 121	 32	 148	 
2019-05-03 11:10:25	 997 	c1254 	529 	 168 	 10101000 	 168 	 16651984 	 113	 79	 80	 121	 32	 148	 
2019-05-03 11:10:27	 950 	c1254 	530 	 172 	 10101000 	 168 	 16673248 	 114	 79	 80	 121	 32	 148	 
2019-05-03 11:10:28	 922 	c1254 	531 	 176 	 10101000 	 168 	 16683832 	 115	 79	 80	 121	 32	 148	 
2019-05-03 11:10:38	 887 	c1254 	532 	 180 	 10101000 	 168 	 14832 	 116	 79	 80	 121	 32	 148	 
2019-05-03 11:10:39	 883 	c1254 	533 	 184 	 10101000 	 168 	 25656 	 117	 79	 80	 121	 32	 148	 
2019-05-03 11:10:40	 877 	c1254 	534 	 188 	 10101000 	 168 	 36456 	 118	 79	 80	 121	 32	 148	 
2019-05-03 11:10:42	 822 	c1254 	535 	 192 	 10101000 	 168 	 57648 	 119	 79	 80	 121	 32	 148	 
2019-05-03 11:10:43	 761 	c1254 	536 	 196 	 10101000 	 168 	 67920 	 120	 79	 80	 121	 32	 148	 
2019-05-03 11:10:45	 818 	c1254 	537 	 200 	 10101000 	 168 	 90168 	 121	 79	 80	 121	 32	 148	 
2019-05-03 11:10:50	 852 	c1254 	538 	 204 	 10101000 	 168 	 144768 	 122	 79	 80	 121	 32	 148	 
2019-05-03 11:10:52	 841 	c1254 	539 	 208 	 10101000 	 168 	 166368 	 123	 79	 80	 121	 32	 148	 
2019-05-03 11:10:53	 914 	c1254 	540 	 212 	 10101000 	 168 	 177912 	 124	 79	 80	 121	 32	 148	 
2019-05-03 11:41:17	 731 	c1254 	543 	 220 	 10101000 	 168 	 3264320 	 125	 79	 80	 121	 32	 148	 
2019-05-03 11:54:10	 215 	c1254 	544 	 224 	 10101000 	 168 	 11704088 	 126	 79	 80	 121	 32	 148	 
2019-05-03 12:22:23	 558 	c1254	8023 bytes to file.
Date	 Hmsec	 CounterID	 EventID	 CounterMsgID	 Status(bin)	 Status(dec)	 Timer[s/12000]	 Unclear	 Entry	 LookIn	 Exit	 LookOut	 Visits
2019-05-03 12:22:24	 135 	c1254	161 bytes to file.
Date	 Hmsec	 CounterID	 EventID	 CounterMsgID	 Status(bin)	 Status(dec)	 Timer[s/12000]	 Unclear	 Entry	 LookIn	 Exit	 LookOut	 Visits
2019-05-03 12:22:24	 482 	c1254	161 bytes to file.
Date	 Hmsec	 CounterID	 EventID	 CounterMsgID	 Status(bin)	 Status(dec)	 Timer[s/12000]	 Unclear	 Entry	 LookIn	 Exit	 LookOut	 Visits
2019-05-03 12:22:25	 256 	c1254	161 bytes to file.
Date	 Hmsec	 CounterID	 EventID	 CounterMsgID	 Status(bin)	 Status(dec)	 Timer[s/12000]	 Unclear	 Entry	 LookIn	 Exit	 LookOut	 Visits
2019-05-03 12:25:18	1039 	c1254 	545 	 232 	 01110100 	 116 	 15428992 	 126	 79	 81	 121	 32	 149	 
2019-05-03 12:25:31	 432 	c1254 	546 	 237 	 10101000 	 168 	 15567040 	 127	 79	 81	 121	 32	 149	 
2019-05-03 12:27:54	 449 	c1254 	547 	 241 	 10101000 	 168 	 371880 	 128	 79	 81	 121	 32	 149	 
2019-05-03 17:40:57	1105 	c1254 	549 	 247 	 10101000 	 168 	 7042032 	 129	 79	 81	 121	 32	 149	 
2019-05-03 20:46:05	 904 	c1254	558 bytes to file.
Date	 Hmsec	 CounterID	 EventID	 CounterMsgID	 Status(bin)	 Status(dec)	 Timer[s/12000]	 Unclear	 Entry	 LookIn	 Exit	 LookOut	 Visits
2019-05-04 05:16:05	 787 	c1254	161 bytes to file.
Date	 Hmsec	 CounterID	 EventID	 CounterMsgID	 Status(bin)	 Status(dec)	 Timer[s/12000]	 Unclear	 Entry	 LookIn	 Exit	 LookOut	 Visits
2019-05-04 07:31:45	 895 	c1254 	550 	 251 	 10101000 	 168 	 5942400 	 130	 79	 81	 121	 32	 149	 
2019-05-04 07:34:55	 782 	c1254 	552 	 1 	 10101000 	 168 	 8038656 	 131	 79	 81	 121	 32	 149	 
2019-05-04 08:33:52	 773 	c1254 	553 	 5 	 10101000 	 168 	 13157416 	 132	 79	 81	 121	 32	 149	 
2019-05-04 08:33:55	 261 	c1254 	556 	 13 	 10101000 	 168 	 13185256 	 133	 79	 81	 121	 32	 149	 
2019-05-04 08:33:57	 481 	c1254 	557 	 17 	 10101000 	 168 	 13209088 	 134	 79	 81	 121	 32	 149	 
2019-05-04 08:34:21	 850 	c1254 	558 	 25 	 01110100 	 116 	 13473784 	 134	 79	 82	 121	 32	 150	 
2019-05-04 08:39:14	 641 	c1254 	560 	 36 	 01110100 	 116 	 16656040 	 134	 79	 83	 121	 32	 151	 
2019-05-04 08:40:47	 574 	c1254 	561 	 44 	 01111000 	 120 	 886848 	 134	 79	 83	 122	 32	 151	 
2019-05-04 08:41:39	 407 	c1254 	562 	 50 	 01110100 	 116 	 1448808 	 134	 79	 84	 122	 32	 152	 
2019-05-04 08:44:10	 753 	c1254 	564 	 60 	 10110100 	 180 	 3087096 	 134	 80	 84	 122	 32	 153	 
2019-05-04 08:44:16	1089 	c1254 	565 	 67 	 11111000 	 248 	 3155184 	 135	 80	 84	 122	 32	 153	 
2019-05-04 08:51:32	 171 	c1254 	566 	 73 	 01111000 	 120 	 7855968 	 135	 80	 84	 123	 32	 153	 
2019-05-04 08:56:40	 671 	c1254 	567 	 82 	 01110100 	 116 	 11182224 	 135	 80	 85	 123	 32	 154	 
2019-05-04 08:56:59	  44 	c1254 	568 	 91 	 01111000 	 120 	 11381136 	 135	 80	 85	 124	 32	 154	 
2019-05-04 08:59:26	 717 	c1254 	569 	 101 	 01110100 	 116 	 12971592 	 135	 80	 86	 124	 32	 155	 
2019-05-04 08:59:31	 763 	c1254 	570 	 107 	 01111000 	 120 	 13025904 	 135	 80	 86	 125	 32	 155	 
2019-05-04 09:00:39	 436 	c1254 	572 	 118 	 10110100 	 180 	 13755600 	 135	 81	 86	 125	 32	 156	 
2019-05-04 09:00:49	 524 	c1254 	573 	 124 	 01111000 	 120 	 13864200 	 135	 81	 86	 126	 32	 156	 
2019-05-04 09:01:24	 538 	c1254 	574 	 131 	 01110100 	 116 	 14241456 	 135	 81	 87	 126	 32	 157	 
2019-05-04 09:01:32	 579 	c1254 	575 	 137 	 01111000 	 120 	 14328048 	 135	 81	 87	 127	 32	 157	 
2019-05-04 09:01:59	 777 	c1254 	576 	 145 	 01110100 	 116 	 14620800 	 135	 81	 88	 127	 32	 158	 
2019-05-04 09:02:06	 784 	c1254 	577 	 151 	 01111000 	 120 	 14696280 	 135	 81	 88	 128	 32	 158	 
2019-05-04 09:03:05	 440 	c1254 	578 	 160 	 01110100 	 116 	 15328704 	 135	 81	 89	 128	 32	 159	 
2019-05-04 09:03:16	 767 	c1254 	579 	 167 	 01110100 	 116 	 15450312 	 135	 81	 90	 128	 32	 160	 
2019-05-04 09:07:09	 414 	c1254 	580 	 174 	 01110100 	 116 	 1179344 	 135	 81	 91	 128	 32	 161	 
2019-05-04 09:07:22	1017 	c1254 	581 	 181 	 01111000 	 120 	 1324952 	 135	 81	 91	 129	 32	 161	 
2019-05-04 09:07:59	1082 	c1254 	582 	 189 	 01110100 	 116 	 1723952 	 135	 81	 92	 129	 32	 162	 
2019-05-04 09:08:06	 942 	c1254 	583 	 195 	 01111000 	 120 	 1798016 	 135	 81	 92	 130	 32	 162	 
2019-05-04 09:08:49	 746 	c1254 	584 	 201 	 10110100 	 180 	 2259224 	 135	 82	 92	 130	 32	 163	 
2019-05-04 09:08:57	 335 	c1254 	586 	 208 	 01111100 	 124 	 2341520 	 136	 82	 92	 130	 32	 163	 
2019-05-04 09:09:39	 795 	c1254 	587 	 216 	 01110100 	 116 	 2798048 	 136	 82	 93	 130	 32	 164	 
2019-05-04 09:09:45	 598 	c1254 	588 	 222 	 01111000 	 120 	 2860808 	 136	 82	 93	 131	 32	 164	 
2019-05-04 09:10:15	 590 	c1254 	589 	 229 	 01110100 	 116 	 3183800 	 136	 82	 94	 131	 32	 165	 
2019-05-04 09:10:23	 674 	c1254 	590 	 235 	 01111000 	 120 	 3270728 	 136	 82	 94	 132	 32	 165	 
2019-05-04 09:11:43	 334 	c1254 	591 	 244 	 11110100 	 244 	 4128776 	 137	 82	 94	 132	 32	 165	 
2019-05-04 09:11:49	  79 	c1254 	592 	 250 	 01111000 	 120 	 4190984 	 137	 82	 94	 133	 32	 165	 
2019-05-04 09:12:14	 667 	c1254 	593 	 4 	 10110100 	 180 	 4465568 	 137	 83	 94	 133	 32	 166	 
2019-05-04 09:12:21	 356 	c1254 	594 	 10 	 01111000 	 120 	 4538024 	 137	 83	 94	 134	 32	 166	 
2019-05-04 09:12:46	 223 	c1254 	595 	 20 	 01110100 	 116 	 4805864 	 137	 83	 95	 134	 32	 167	 
2019-05-04 09:12:52	1045 	c1254 	596 	 25 	 01111100 	 124 	 4878128 	 138	 83	 95	 134	 32	 167	 
2019-05-04 09:13:31	  68 	c1254 	597 	 32 	 01110100 	 116 	 5288744 	 138	 83	 96	 134	 32	 168	 
2019-05-04 09:13:35	 731 	c1254 	598 	 40 	 01111000 	 120 	 5337992 	 138	 83	 96	 135	 32	 168	 
2019-05-04 09:14:11	 938 	c1254 	599 	 50 	 01110100 	 116 	 5727440 	 138	 83	 97	 135	 32	 169	 
2019-05-04 09:14:16	 905 	c1254 	600 	 56 	 01111000 	 120 	 5780960 	 138	 83	 97	 136	 32	 169	 
2019-05-04 09:14:49	 555 	c1254 	601 	 66 	 01110100 	 116 	 6132872 	 138	 83	 98	 136	 32	 170	 
2019-05-04 09:14:53	 452 	c1254 	602 	 71 	 01111100 	 124 	 6174968 	 139	 83	 98	 136	 32	 170	 
2019-05-04 09:15:29	 365 	c1254 	603 	 77 	 11110100 	 244 	 6561560 	 140	 83	 98	 136	 32	 170	 
2019-05-04 09:15:33	1124 	c1254 	604 	 83 	 01111000 	 120 	 6611696 	 140	 83	 98	 137	 32	 170	 
2019-05-04 09:16:27	 756 	c1254 	605 	 91 	 01110100 	 116 	 7189304 	 140	 83	 99	 137	 32	 171	 
2019-05-04 09:16:31	 376 	c1254 	606 	 97 	 01111000 	 120 	 7228808 	 140	 83	 99	 138	 32	 171	 
2019-05-04 09:17:00	 742 	c1254 	607 	 103 	 10110100 	 180 	 7544312 	 140	 84	 99	 138	 32	 172	 
2019-05-04 09:17:06	 406 	c1254 	608 	 109 	 01111000 	 120 	 7605752 	 140	 84	 99	 139	 32	 172	 
2019-05-04 09:21:09	 481 	c1254 	609 	 115 	 01110100 	 116 	 10220528 	 140	 84	 100	 139	 32	 173	 
2019-05-04 10:06:29	 467 	c1254 	611 	 122 	 10101000 	 168 	 6006840 	 141	 84	 100	 139	 32	 173	 
2019-05-04 12:46:48	1136 	c1254	5496 bytes to file.
Date	 Hmsec	 CounterID	 EventID	 CounterMsgID	 Status(bin)	 Status(dec)	 Timer[s/12000]	 Unclear	 Entry	 LookIn	 Exit	 LookOut	 Visits
2019-05-04 12:46:49	 936 	c1254	161 bytes to file.
Date	 Hmsec	 CounterID	 EventID	 CounterMsgID	 Status(bin)	 Status(dec)	 Timer[s/12000]	 Unclear	 Entry	 LookIn	 Exit	 LookOut	 Visits
2019-05-04 12:46:50	 260 	c1254	161 bytes to file.
Date	 Hmsec	 CounterID	 EventID	 CounterMsgID	 Status(bin)	 Status(dec)	 Timer[s/12000]	 Unclear	 Entry	 LookIn	 Exit	 LookOut	 Visits
2019-05-04 12:46:51	 265 	c1254	161 bytes to file.
