Date	 Hmsec	 CounterID	 EventID	 CounterMsgID	 Status(bin)	 Status(dec)	 Timer[s/12000]	 Unclear	 Entry	 LookIn	 Exit	 LookOut	 Visits
2020-05-20 01:46:41	 903 	c1254	161 bytes to file.
Date	 Hmsec	 CounterID	 EventID	 CounterMsgID	 Status(bin)	 Status(dec)	 Timer[s/12000]	 Unclear	 Entry	 LookIn	 Exit	 LookOut	 Visits
2020-05-20 08:43:11	 157 	c1254 	4254 	 132 	 10101000 	 168 	 5424696 	 340	 193	 270	 278	 37	 354	 
2020-05-20 08:51:33	1048 	c1254 	4255 	 136 	 10101000 	 168 	 11032680 	 341	 193	 270	 278	 37	 354	 
2020-05-20 08:51:35	1101 	c1254 	4256 	 140 	 10101000 	 168 	 11055504 	 342	 193	 270	 278	 37	 354	 
2020-05-20 08:52:59	 873 	c1254 	4258 	 146 	 10101000 	 168 	 11990568 	 343	 193	 270	 278	 37	 354	 
2020-05-20 08:53:15	  26 	c1254 	4261 	 158 	 01110100 	 116 	 12160848 	 343	 193	 271	 278	 37	 355	 
2020-05-20 09:04:43	1007 	c1254 	4263 	 177 	 01110100 	 116 	 3052712 	 343	 193	 272	 278	 37	 356	 
2020-05-20 09:04:59	 203 	c1254 	4264 	 184 	 01111000 	 120 	 3222968 	 343	 193	 272	 279	 37	 356	 
2020-05-20 09:05:59	 287 	c1254 	4265 	 188 	 01010100 	 84 	 3891104 	 344	 193	 272	 279	 37	 356	 
2020-05-20 09:06:15	 201 	c1254 	4266 	 200 	 01110100 	 116 	 4068224 	 344	 193	 273	 279	 37	 357	 
2020-05-20 09:06:18	 617 	c1254 	4267 	 208 	 01110100 	 116 	 4105568 	 344	 193	 274	 279	 37	 357	 
2020-05-20 09:06:23	 792 	c1254 	4268 	 214 	 01110100 	 116 	 4162856 	 344	 193	 275	 279	 37	 357	 
2020-05-20 09:06:46	1015 	c1254 	4269 	 221 	 01110100 	 116 	 4420760 	 344	 193	 276	 279	 37	 358	 
2020-05-20 09:06:49	 873 	c1254 	4270 	 229 	 01110100 	 116 	 4452752 	 344	 193	 277	 279	 37	 358	 
2020-05-20 09:06:50	 531 	c1254 	4271 	 233 	 01010100 	 84 	 4460600 	 345	 193	 277	 279	 37	 358	 
2020-05-20 09:06:51	1159 	c1254 	4272 	 237 	 01010100 	 84 	 4477736 	 346	 193	 277	 279	 37	 358	 
2020-05-20 09:06:53	 711 	c1254 	4273 	 241 	 01010100 	 84 	 4495688 	 347	 193	 277	 279	 37	 358	 
2020-05-20 09:06:59	 236 	c1254 	4274 	 251 	 10110100 	 180 	 4557872 	 347	 194	 277	 279	 37	 358	 
2020-05-20 09:07:48	 348 	c1254 	4275 	 1 	 10111000 	 184 	 5103776 	 347	 194	 277	 279	 38	 358	 
2020-05-20 09:07:49	 106 	c1254 	4277 	 7 	 10101000 	 168 	 5112584 	 348	 194	 277	 279	 38	 358	 
2020-05-20 09:07:50	 744 	c1254 	4278 	 17 	 01111000 	 120 	 5129816 	 348	 194	 277	 280	 38	 358	 
2020-05-20 09:07:57	 858 	c1254 	4280 	 29 	 10110100 	 180 	 5208752 	 348	 195	 277	 280	 38	 359	 
2020-05-20 09:08:11	 137 	c1254 	4281 	 35 	 10111000 	 184 	 5357528 	 348	 195	 277	 280	 39	 359	 
2020-05-20 09:08:14	1009 	c1254 	4282 	 43 	 01111000 	 120 	 5399240 	 348	 195	 277	 281	 39	 359	 
2020-05-20 09:18:31	 294 	c1254 	4285 	 56 	 11110100 	 244 	 12252416 	 349	 195	 277	 281	 39	 359	 
2020-05-20 09:18:49	 370 	c1254 	4287 	 66 	 01111000 	 120 	 12453248 	 349	 195	 277	 282	 39	 359	 
2020-05-20 09:19:07	1042 	c1254 	4288 	 70 	 01010100 	 84 	 12659792 	 350	 195	 277	 282	 39	 359	 
2020-05-20 09:19:16	  75 	c1254 	4290 	 78 	 01110100 	 116 	 12750608 	 350	 195	 278	 282	 39	 360	 
2020-05-20 09:19:24	 414 	c1254 	4291 	 86 	 01110100 	 116 	 12842816 	 350	 195	 279	 282	 39	 360	 
2020-05-20 09:21:19	 415 	c1254 	4292 	 97 	 10111000 	 184 	 14121536 	 350	 195	 279	 282	 40	 360	 
2020-05-20 09:22:03	 878 	c1254 	4294 	 110 	 10110100 	 180 	 14615240 	 350	 196	 279	 282	 40	 361	 
2020-05-20 09:22:27	 469 	c1254 	4296 	 116 	 10101000 	 168 	 14878232 	 351	 196	 279	 282	 40	 361	 
2020-05-20 09:22:29	 793 	c1254 	4297 	 122 	 10111000 	 184 	 14903576 	 351	 196	 279	 282	 41	 361	 
2020-05-20 09:22:36	 124 	c1254 	4298 	 129 	 10110100 	 180 	 14975000 	 351	 197	 279	 282	 41	 362	 
2020-05-20 09:22:46	 609 	c1254 	4299 	 135 	 01111000 	 120 	 15090848 	 351	 197	 279	 283	 41	 362	 
2020-05-20 09:24:52	 277 	c1254 	4301 	 143 	 11110100 	 244 	 16488560 	 352	 197	 279	 283	 41	 362	 
2020-05-20 09:25:01	 919 	c1254 	4302 	 149 	 01111000 	 120 	 16594760 	 352	 197	 279	 284	 41	 362	 
2020-05-20 09:31:23	1151 	c1254 	4304 	 161 	 10110100 	 180 	 4068064 	 352	 198	 279	 284	 41	 363	 
2020-05-20 09:31:45	1116 	c1254 	4305 	 167 	 10111000 	 184 	 4312504 	 352	 198	 279	 284	 42	 363	 
2020-05-20 09:31:48	 848 	c1254 	4306 	 177 	 01111000 	 120 	 4343320 	 352	 198	 279	 285	 42	 363	 
2020-05-20 09:32:03	 410 	c1254 	4307 	 188 	 11110100 	 244 	 4505992 	 353	 198	 279	 285	 42	 363	 
2020-05-20 09:32:13	 900 	c1254 	4309 	 201 	 11111000 	 248 	 4621960 	 354	 198	 279	 285	 42	 363	 
2020-05-20 09:32:21	 540 	c1254 	4311 	 211 	 01110100 	 116 	 4707520 	 354	 198	 280	 285	 42	 364	 
2020-05-20 09:32:28	 436 	c1254 	4313 	 221 	 01111000 	 120 	 4784416 	 354	 198	 280	 286	 42	 364	 
2020-05-20 09:36:49	1138 	c1254 	4315 	 230 	 11110100 	 244 	 7695688 	 355	 198	 280	 286	 42	 364	 
2020-05-20 09:37:03	 611 	c1254 	4317 	 240 	 01111000 	 120 	 7846456 	 355	 198	 280	 287	 42	 364	 
2020-05-20 09:45:34	 672 	c1254 	4318 	 254 	 01110100 	 116 	 13535944 	 355	 198	 281	 287	 42	 365	 
2020-05-20 09:45:44	1085 	c1254 	4319 	 12 	 01111000 	 120 	 13651264 	 355	 198	 281	 288	 42	 365	 
2020-05-20 09:45:50	 236 	c1254 	4320 	 21 	 11110100 	 244 	 13709968 	 356	 198	 281	 288	 42	 365	 
2020-05-20 09:46:04	 779 	c1254 	4321 	 29 	 01111000 	 120 	 13871104 	 356	 198	 281	 289	 42	 365	 
2020-05-20 09:48:38	 651 	c1254 	4322 	 35 	 10110100 	 180 	 15586048 	 356	 199	 281	 289	 42	 366	 
2020-05-20 09:48:47	 528 	c1254 	4323 	 41 	 01111000 	 120 	 15685192 	 356	 199	 281	 290	 42	 366	 
2020-05-20 09:52:48	 513 	c1254 	4324 	 47 	 01110100 	 116 	 1594656 	 356	 199	 282	 290	 42	 367	 
2020-05-20 09:53:46	1156 	c1254 	4325 	 52 	 10101000 	 168 	 2247504 	 357	 199	 282	 290	 42	 367	 
2020-05-20 09:54:59	1010 	c1254 	4326 	 56 	 10101000 	 168 	 3060216 	 358	 199	 282	 290	 42	 367	 
2020-05-20 09:55:41	 965 	c1254 	4327 	 60 	 10101000 	 168 	 3528624 	 359	 199	 282	 290	 42	 367	 
2020-05-20 09:55:57	 488 	c1254 	4328 	 64 	 10101000 	 168 	 3702768 	 360	 199	 282	 290	 42	 367	 
2020-05-20 09:56:01	 124 	c1254 	4329 	 68 	 10101000 	 168 	 3743952 	 361	 199	 282	 290	 42	 367	 
2020-05-20 10:16:45	 900 	c1254	5968 bytes to file.
Date	 Hmsec	 CounterID	 EventID	 CounterMsgID	 Status(bin)	 Status(dec)	 Timer[s/12000]	 Unclear	 Entry	 LookIn	 Exit	 LookOut	 Visits
2020-05-20 10:36:23	1080 	c1254 	4330 	 74 	 01110100 	 116 	 13999496 	 361	 199	 283	 290	 42	 368	 
2020-05-20 10:36:33	 383 	c1254 	4331 	 78 	 01010100 	 84 	 14104232 	 362	 199	 283	 290	 42	 368	 
2020-05-20 10:36:35	 925 	c1254 	4333 	 87 	 01110100 	 116 	 14131736 	 362	 199	 284	 290	 42	 369	 
2020-05-20 10:36:38	 346 	c1254 	4334 	 93 	 01110100 	 116 	 14159624 	 362	 199	 285	 290	 42	 369	 
2020-05-20 10:37:33	 603 	c1254 	4335 	 100 	 01110100 	 116 	 14775200 	 362	 199	 286	 290	 42	 370	 
2020-05-20 10:39:48	1034 	c1254 	4336 	 105 	 01010100 	 84 	 16286000 	 363	 199	 286	 290	 42	 370	 
2020-05-20 10:39:50	1132 	c1254 	4337 	 110 	 11110100 	 244 	 16309280 	 364	 199	 286	 290	 42	 370	 
2020-05-20 10:40:08	 344 	c1254 	4339 	 118 	 01111000 	 120 	 16502768 	 364	 199	 286	 291	 42	 370	 
2020-05-20 10:45:12	 409 	c1254 	4340 	 124 	 10110100 	 180 	 3127816 	 364	 200	 286	 291	 42	 371	 
2020-05-20 10:49:49	  65 	c1254 	4342 	 134 	 01111000 	 120 	 6229504 	 364	 200	 286	 292	 42	 371	 
2020-05-20 11:07:07	 259 	c1254 	4343 	 140 	 01110100 	 116 	 1125096 	 364	 200	 287	 292	 42	 372	 
2020-05-20 11:07:10	 544 	c1254 	4344 	 145 	 11110100 	 244 	 1161648 	 365	 200	 287	 292	 42	 372	 
2020-05-20 11:07:19	 933 	c1254 	4346 	 155 	 11111000 	 248 	 1266768 	 366	 200	 287	 292	 42	 372	 
2020-05-20 11:08:41	1106 	c1254 	4348 	 165 	 11110100 	 244 	 2191992 	 367	 200	 287	 292	 42	 372	 
2020-05-20 11:09:05	 207 	c1254 	4349 	 171 	 01110100 	 116 	 2453640 	 367	 200	 288	 292	 42	 373	 
2020-05-20 11:09:08	1076 	c1254 	4350 	 177 	 01111000 	 120 	 2495832 	 367	 200	 288	 293	 42	 373	 
2020-05-20 11:09:10	 384 	c1254 	4351 	 187 	 01111000 	 120 	 2511672 	 367	 200	 288	 294	 42	 373	 
2020-05-20 11:13:01	 605 	c1254 	4352 	 193 	 10110100 	 180 	 5116704 	 367	 201	 288	 294	 42	 374	 
2020-05-20 11:13:11	  51 	c1254 	4353 	 201 	 11111000 	 248 	 5224104 	 368	 201	 288	 294	 42	 374	 
2020-05-20 11:14:01	 154 	c1254 	4354 	 207 	 10110100 	 180 	 5788824 	 368	 202	 288	 294	 42	 375	 
2020-05-20 11:14:09	  73 	c1254 	4355 	 213 	 01111000 	 120 	 5878248 	 368	 202	 288	 295	 42	 375	 
2020-05-20 11:16:15	 696 	c1254 	4356 	 219 	 10110100 	 180 	 7305216 	 368	 203	 288	 295	 42	 376	 
2020-05-20 11:16:22	1038 	c1254 	4358 	 228 	 10111000 	 184 	 7387464 	 368	 203	 288	 295	 43	 376	 
2020-05-20 11:20:13	1091 	c1254 	4359 	 242 	 10111000 	 184 	 9994440 	 368	 203	 288	 295	 44	 376	 
2020-05-20 11:20:25	 902 	c1254 	4360 	 254 	 01111000 	 120 	 10128048 	 368	 203	 288	 296	 44	 376	 
2020-05-20 11:22:17	 498 	c1254 	4361 	 4 	 10110100 	 180 	 11388312 	 368	 204	 288	 296	 44	 377	 
2020-05-20 11:22:30	1107 	c1254 	4362 	 12 	 01111000 	 120 	 11540952 	 368	 204	 288	 297	 44	 377	 
2020-05-20 11:27:40	  50 	c1254 	4363 	 18 	 10110100 	 180 	 15032280 	 368	 205	 288	 297	 44	 378	 
2020-05-20 11:27:56	 334 	c1254 	4364 	 28 	 01111000 	 120 	 15215784 	 368	 205	 288	 298	 44	 378	 
2020-05-20 11:29:35	 575 	c1254 	4366 	 36 	 01110100 	 116 	 16336848 	 368	 205	 289	 298	 44	 379	 
2020-05-20 11:29:52	 539 	c1254 	4367 	 47 	 01111000 	 120 	 16528656 	 368	 205	 289	 299	 44	 379	 
2020-05-20 11:30:47	 613 	c1254 	4368 	 52 	 11110100 	 244 	 373832 	 369	 205	 289	 299	 44	 379	 
2020-05-20 11:34:16	 126 	c1254 	4369 	 58 	 10111000 	 184 	 2732408 	 369	 205	 289	 299	 45	 379	 
2020-05-20 11:34:17	 723 	c1254 	4371 	 66 	 01111000 	 120 	 2749520 	 369	 205	 289	 300	 45	 379	 
2020-05-20 11:34:19	 190 	c1254 	4372 	 70 	 10101000 	 168 	 2766968 	 370	 205	 289	 300	 45	 379	 
2020-05-20 11:34:20	 898 	c1254 	4373 	 79 	 01110100 	 116 	 2785160 	 370	 205	 290	 300	 45	 380	 
2020-05-20 11:34:47	 458 	c1254 	4375 	 88 	 10110100 	 180 	 3086384 	 370	 206	 290	 300	 45	 381	 
2020-05-20 11:34:54	 690 	c1254 	4376 	 97 	 01111000 	 120 	 3167864 	 370	 206	 290	 301	 45	 381	 
2020-05-20 11:36:33	1061 	c1254 	4377 	 105 	 10110100 	 180 	 4291640 	 370	 207	 290	 301	 45	 382	 
2020-05-20 11:36:40	 982 	c1254 	4379 	 115 	 01111000 	 120 	 4370072 	 370	 207	 290	 302	 45	 382	 
2020-05-20 11:36:44	 658 	c1254 	4381 	 125 	 10110100 	 180 	 4412192 	 370	 208	 290	 302	 45	 383	 
2020-05-20 11:36:52	 118 	c1254 	4384 	 143 	 11111000 	 248 	 4497488 	 371	 208	 290	 302	 45	 383	 
2020-05-20 11:38:44	 889 	c1254 	4385 	 149 	 10110100 	 180 	 5772320 	 371	 209	 290	 302	 45	 384	 
2020-05-20 11:39:05	 245 	c1254 	4386 	 161 	 01111000 	 120 	 6003728 	 371	 209	 290	 303	 45	 384	 
2020-05-20 11:42:24	 656 	c1254 	4387 	 167 	 10110100 	 180 	 8260064 	 371	 210	 290	 303	 45	 385	 
2020-05-20 11:42:36	 408 	c1254 	4388 	 181 	 01111000 	 120 	 8393528 	 371	 210	 290	 304	 45	 385	 
2020-05-20 11:46:19	 580 	c1254 	4389 	 187 	 01110100 	 116 	 10920464 	 371	 210	 291	 304	 45	 386	 
2020-05-20 17:27:29	1108 	c1254 	4390 	 192 	 10101000 	 168 	 8529600 	 372	 210	 291	 304	 45	 386	 
2020-05-20 17:27:51	 101 	c1254	5052 bytes to file.
