Date 	Hmsec 	CounterID 	EventID 	Batt 	Light 	T1 	T2 	TC 	Batt(mV) 	Wgt(g/10) 	CoreTemp(C) 	Version 	1903281141 
2019-05-18 13:22:43	  63 	c1254 	2458 	 3247	  740	    0	    0	 1492	6341	000	016
2019-05-18 13:32:43	  63 	c1254 	2464 	 3248	   30	    0	    0	 1494	6343	000	017
2019-05-18 13:42:43	  63 	c1254 	2464 	 3247	   33	    0	    0	 1495	6341	000	017
2019-05-18 13:52:43	  63 	c1254 	2464 	 3248	    2	    0	    0	 1497	6343	000	017
2019-05-18 14:02:43	  63 	c1254 	2464 	 3248	    2	    0	    0	 1497	6343	000	017
2019-05-18 14:12:43	  63 	c1254 	2464 	 3248	    2	    0	    0	 1497	6343	000	017
2019-05-18 14:22:43	  63 	c1254 	2464 	 3248	    2	    0	    0	 1496	6343	000	017
2019-05-18 14:32:43	  63 	c1254 	2464 	 3248	    3	    0	    0	 1497	6343	000	017
2019-05-18 14:42:43	  63 	c1254 	2464 	 3248	    6	    0	    0	 1498	6343	000	018
2019-05-18 14:52:43	  63 	c1254 	2464 	 3248	    6	    0	    0	 1498	6343	000	018
2019-05-18 15:02:43	  63 	c1254 	2464 	 3249	    6	    0	    0	 1499	6345	000	018
2019-05-18 15:12:43	  63 	c1254 	2464 	 3249	    6	    0	    0	 1500	6345	000	018
2019-05-18 15:22:43	  63 	c1254 	2464 	 3249	    6	    0	    0	 1501	6345	000	018
2019-05-18 15:32:43	  63 	c1254 	2464 	 3249	    4	    0	    0	 1502	6345	000	018
2019-05-18 15:42:43	  63 	c1254 	2464 	 3249	    4	    0	    0	 1502	6345	000	018
2019-05-18 15:52:43	  63 	c1254 	2464 	 3249	    3	    0	    0	 1503	6345	000	019
2019-05-18 16:02:43	  63 	c1254 	2464 	 3249	    3	    0	    0	 1505	6345	000	019
2019-05-18 16:12:43	  63 	c1254 	2464 	 3250	    3	    0	    0	 1506	6347	000	019
2019-05-18 16:22:43	  63 	c1254 	2464 	 3250	    3	    0	    0	 1506	6347	000	019
2019-05-18 16:32:43	  63 	c1254 	2464 	 3250	    4	    0	    0	 1507	6347	000	019
2019-05-18 16:42:43	  63 	c1254 	2464 	 3250	    4	    0	    0	 1509	6347	000	020
2019-05-18 16:52:43	  63 	c1254 	2464 	 3251	    4	    0	    0	 1510	6349	000	020
2019-05-18 17:02:43	  63 	c1254 	2464 	 3250	    4	    0	    0	 1510	6347	000	020
2019-05-18 17:12:43	  63 	c1254 	2464 	 3252	    4	    0	    0	 1512	6351	000	020
2019-05-18 17:22:43	  63 	c1254 	2464 	 3252	    4	    0	    0	 1513	6351	000	021
2019-05-18 17:32:43	  63 	c1254 	2464 	 3252	    4	    0	    0	 1512	6351	000	020
2019-05-18 17:42:43	  63 	c1254 	2464 	 3252	    4	    0	    0	 1514	6351	000	021
2019-05-18 17:52:43	  63 	c1254 	2464 	 3252	    4	    0	    0	 1515	6351	000	021
2019-05-18 18:02:43	  63 	c1254 	2464 	 3253	    3	    0	    0	 1515	6353	000	021
2019-05-18 18:12:43	  63 	c1254 	2464 	 3253	    4	    0	    0	 1517	6353	000	021
2019-05-18 18:22:43	  63 	c1254 	2464 	 3253	    3	    0	    0	 1516	6353	000	021
2019-05-18 18:32:43	  63 	c1254 	2464 	 3253	    4	    0	    0	 1517	6353	000	021
2019-05-18 18:42:43	  63 	c1254 	2464 	 3253	    4	    0	    0	 1517	6353	000	021
2019-05-18 18:52:43	  63 	c1254 	2464 	 3254	    3	    0	    0	 1517	6355	000	021
2019-05-18 19:02:43	  63 	c1254 	2464 	 3254	    3	    0	    0	 1518	6355	000	022
2019-05-18 19:12:43	  63 	c1254 	2464 	 3254	    3	    0	    0	 1519	6355	000	022
2019-05-18 19:22:43	  63 	c1254 	2464 	 3254	    3	    0	    0	 1518	6355	000	022
2019-05-18 19:32:43	  63 	c1254 	2464 	 3254	    3	    0	    0	 1518	6355	000	022
2019-05-18 19:42:43	  63 	c1254 	2464 	 3255	    3	    0	    0	 1517	6357	000	021
2019-05-18 19:52:43	  63 	c1254 	2464 	 3255	    3	    0	    0	 1518	6357	000	022
2019-05-18 20:02:43	  63 	c1254 	2464 	 3254	    3	    0	    0	 1519	6355	000	022
2019-05-18 20:12:43	  63 	c1254 	2464 	 3255	    3	    0	    0	 1518	6357	000	022
2019-05-18 20:22:43	  63 	c1254 	2464 	 3255	    3	    0	    0	 1519	6357	000	022
2019-05-18 20:32:43	  63 	c1254 	2464 	 3255	    3	    0	    0	 1519	6357	000	022
2019-05-18 20:42:43	  63 	c1254 	2464 	 3255	    3	    0	    0	 1518	6357	000	022
2019-05-18 20:52:43	  63 	c1254 	2464 	 3255	    3	    0	    0	 1516	6357	000	021
2019-05-18 21:02:43	  63 	c1254 	2464 	 3256	    3	    0	    0	 1517	6359	000	021
2019-05-18 21:12:43	  63 	c1254 	2464 	 3256	    3	    0	    0	 1517	6359	000	021
2019-05-18 21:22:43	  63 	c1254 	2464 	 3255	    3	    0	    0	 1515	6357	000	021
2019-05-18 21:32:43	  63 	c1254 	2464 	 3256	    3	    0	    0	 1516	6359	000	021
2019-05-18 21:42:43	  63 	c1254 	2464 	 3255	    3	    0	    0	 1515	6357	000	021
2019-05-18 21:42:44	 657 	c1254						 3607 bytes to file.
Date 	Hmsec 	CounterID 	EventID 	Batt 	Light 	T1 	T2 	TC 	Batt(mV) 	Wgt(g/10) 	CoreTemp(C) 	Version 	1903281141 
2019-05-18 21:52:43	  63 	c1254 	2464 	 3256	    3	    0	    0	 1515	6359	000	021
2019-05-18 22:02:43	  63 	c1254 	2464 	 3255	    3	    0	    0	 1514	6357	000	021
2019-05-18 22:12:43	  63 	c1254 	2464 	 3255	    3	    0	    0	 1514	6357	000	021
2019-05-18 22:22:43	  63 	c1254 	2464 	 3255	    3	    0	    0	 1513	6357	000	021
2019-05-18 22:32:43	  63 	c1254 	2464 	 3255	    2	    0	    0	 1511	6357	000	020
2019-05-18 22:42:43	  63 	c1254 	2464 	 3255	    2	    0	    0	 1511	6357	000	020
2019-05-18 22:52:43	  63 	c1254 	2464 	 3255	    2	    0	    0	 1510	6357	000	020
2019-05-18 23:02:43	  63 	c1254 	2464 	 3255	    2	    0	    0	 1511	6357	000	020
2019-05-18 23:12:43	  63 	c1254 	2464 	 3255	    2	    0	    0	 1509	6357	000	020
2019-05-18 23:22:43	  63 	c1254 	2464 	 3255	    2	    0	    0	 1509	6357	000	020
2019-05-18 23:32:43	  63 	c1254 	2464 	 3254	    2	    0	    0	 1507	6355	000	019
2019-05-18 23:42:43	  63 	c1254 	2464 	 3254	    2	    0	    0	 1507	6355	000	019
2019-05-18 23:52:43	  63 	c1254 	2464 	 3255	    2	    0	    0	 1506	6357	000	019
2019-05-19 00:02:43	  63 	c1254 	2464 	 3254	    2	    0	    0	 1506	6355	000	019
2019-05-19 00:12:43	  63 	c1254 	2464 	 3254	    2	    0	    0	 1503	6355	000	019
2019-05-19 00:22:43	  63 	c1254 	2464 	 3253	    2	    0	    0	 1503	6353	000	019
2019-05-19 00:32:43	  63 	c1254 	2464 	 3253	    2	    0	    0	 1503	6353	000	019
2019-05-19 00:42:43	  63 	c1254 	2464 	 3253	    2	    0	    0	 1501	6353	000	018
2019-05-19 00:52:43	  63 	c1254 	2464 	 3253	    2	    0	    0	 1501	6353	000	018
2019-05-19 01:02:43	  63 	c1254 	2464 	 3253	    2	    0	    0	 1499	6353	000	018
2019-05-19 01:12:43	  63 	c1254 	2464 	 3253	    2	    0	    0	 1500	6353	000	018
2019-05-19 01:22:43	  63 	c1254 	2464 	 3252	    2	    0	    0	 1499	6351	000	018
2019-05-19 01:32:43	  63 	c1254 	2464 	 3252	    2	    0	    0	 1496	6351	000	017
2019-05-19 01:42:43	  63 	c1254 	2464 	 3252	    2	    0	    0	 1496	6351	000	017
2019-05-19 01:52:43	  63 	c1254 	2464 	 3252	    2	    0	    0	 1495	6351	000	017
2019-05-19 02:02:43	  63 	c1254 	2464 	 3251	    2	    0	    0	 1495	6349	000	017
2019-05-19 02:12:43	  63 	c1254 	2464 	 3251	    2	    0	    0	 1495	6349	000	017
2019-05-19 02:22:43	  63 	c1254 	2464 	 3251	    2	    0	    0	 1494	6349	000	017
2019-05-19 02:32:43	  63 	c1254 	2464 	 3251	    2	    0	    0	 1492	6349	000	016
2019-05-19 02:42:43	  63 	c1254 	2464 	 3251	    2	    0	    0	 1491	6349	000	016
2019-05-19 02:52:43	  63 	c1254 	2464 	 3250	    1	    0	    0	 1491	6347	000	016
2019-05-19 03:02:43	  63 	c1254 	2464 	 3250	    1	    0	    0	 1490	6347	000	016
2019-05-19 03:12:43	  63 	c1254 	2464 	 3249	    1	    0	    0	 1488	6345	000	016
2019-05-19 03:22:43	  63 	c1254 	2464 	 3249	    1	    0	    0	 1488	6345	000	016
2019-05-19 03:32:43	  63 	c1254 	2464 	 3249	    1	    0	    0	 1487	6345	000	015
2019-05-19 03:42:43	  63 	c1254 	2464 	 3248	    2	    0	    0	 1487	6343	000	015
2019-05-19 03:52:43	  63 	c1254 	2464 	 3248	    1	    0	    0	 1486	6343	000	015
2019-05-19 04:02:43	  63 	c1254 	2464 	 3248	    2	    0	    0	 1484	6343	000	015
2019-05-19 04:12:43	  63 	c1254 	2464 	 3248	    1	    0	    0	 1483	6343	000	015
2019-05-19 04:22:43	  63 	c1254 	2464 	 3248	    1	    0	    0	 1484	6343	000	015
2019-05-19 04:32:43	  63 	c1254 	2464 	 3247	    1	    0	    0	 1481	6341	000	014
2019-05-19 04:42:43	  63 	c1254 	2464 	 3246	    1	    0	    0	 1482	6339	000	014
2019-05-19 04:52:43	  63 	c1254 	2464 	 3246	    1	    0	    0	 1482	6339	000	014
2019-05-19 05:02:43	  63 	c1254 	2464 	 3246	    1	    0	    0	 1480	6339	000	014
2019-05-19 05:12:43	  63 	c1254 	2464 	 3246	    1	    0	    0	 1479	6339	000	014
2019-05-19 05:22:43	  63 	c1254 	2464 	 3245	    1	    0	    0	 1480	6337	000	014
2019-05-19 05:32:43	  63 	c1254 	2464 	 3245	    1	    0	    0	 1478	6337	000	014
2019-05-19 05:42:43	  63 	c1254 	2464 	 3245	    1	    0	    0	 1477	6337	000	013
2019-05-19 05:52:43	  63 	c1254 	2464 	 3244	    1	    0	    0	 1478	6335	000	014
2019-05-19 06:02:43	  63 	c1254 	2464 	 3244	    1	    0	    0	 1478	6335	000	014
2019-05-19 06:12:43	  63 	c1254 	2464 	 3244	    1	    0	    0	 1476	6335	000	013
2019-05-19 06:12:44	 745 	c1254						 3607 bytes to file.
Date 	Hmsec 	CounterID 	EventID 	Batt 	Light 	T1 	T2 	TC 	Batt(mV) 	Wgt(g/10) 	CoreTemp(C) 	Version 	1903281141 
2019-05-19 06:22:43	  63 	c1254 	2464 	 3244	    1	    0	    0	 1477	6335	000	013
2019-05-19 06:32:43	  63 	c1254 	2464 	 3243	    2	    0	    0	 1475	6333	000	013
2019-05-19 06:42:43	  63 	c1254 	2464 	 3243	    2	    0	    0	 1474	6333	000	013
2019-05-19 06:52:43	  63 	c1254 	2464 	 3242	    1	    0	    0	 1474	6332	000	013
2019-05-19 07:02:43	  63 	c1254 	2464 	 3243	    2	    0	    0	 1474	6333	000	013
2019-05-19 07:12:43	  63 	c1254 	2464 	 3242	    1	    0	    0	 1474	6332	000	013
2019-05-19 07:22:43	  63 	c1254 	2464 	 3242	    1	    0	    0	 1473	6332	000	013
2019-05-19 07:32:43	  63 	c1254 	2464 	 3242	    2	    0	    0	 1473	6332	000	013
2019-05-19 07:42:43	  63 	c1254 	2464 	 3242	    2	    0	    0	 1472	6332	000	012
2019-05-19 07:52:43	  63 	c1254 	2464 	 3241	    1	    0	    0	 1472	6330	000	012
2019-05-19 08:02:43	  63 	c1254 	2464 	 3241	    2	    0	    0	 1472	6330	000	012
2019-05-19 08:12:43	  63 	c1254 	2464 	 3241	    2	    0	    0	 1470	6330	000	012
2019-05-19 08:22:43	  63 	c1254 	2464 	 3241	   30	    0	    0	 1471	6330	000	012
2019-05-19 08:32:43	  63 	c1254 	2464 	 3241	   27	    0	    0	 1471	6330	000	012
2019-05-19 08:42:43	  63 	c1254 	2465 	 3241	   28	    0	    0	 1471	6330	000	012
2019-05-19 08:52:43	  63 	c1254 	2465 	 3240	   28	    0	    0	 1471	6328	000	012
2019-05-19 09:02:43	  63 	c1254 	2465 	 3240	   27	    0	    0	 1471	6328	000	012
2019-05-19 09:12:43	  63 	c1254 	2465 	 3240	   28	    0	    0	 1472	6328	000	012
2019-05-19 09:22:43	  63 	c1254 	2465 	 3240	   26	    0	    0	 1472	6328	000	012
2019-05-19 09:32:43	  63 	c1254 	2465 	 3239	   28	    0	    0	 1472	6326	000	012
2019-05-19 09:42:43	  63 	c1254 	2465 	 3239	   28	    0	    0	 1472	6326	000	012
2019-05-19 09:52:43	  63 	c1254 	2465 	 3239	   28	    0	    0	 1473	6326	000	013
2019-05-19 10:02:43	  63 	c1254 	2465 	 3239	   29	    0	    0	 1474	6326	000	013
2019-05-19 10:12:43	  63 	c1254 	2465 	 3238	   29	    0	    0	 1474	6324	000	013
2019-05-19 10:22:43	  63 	c1254 	2465 	 3239	   29	    0	    0	 1473	6326	000	013
2019-05-19 10:32:43	  63 	c1254 	2465 	 3239	   29	    0	    0	 1473	6326	000	013
2019-05-19 10:42:43	  63 	c1254 	2465 	 3238	   30	    0	    0	 1473	6324	000	013
2019-05-19 10:52:43	  63 	c1254 	2465 	 3238	   40	    0	    0	 1476	6324	000	013
2019-05-19 11:02:43	  63 	c1254 	2465 	 3238	   30	    0	    0	 1475	6324	000	013
2019-05-19 11:12:43	  63 	c1254 	2465 	 3238	   31	    0	    0	 1476	6324	000	013
2019-05-19 11:22:43	  63 	c1254 	2468 	 3238	   53	    0	    0	 1476	6324	000	013
2019-05-19 11:32:43	  63 	c1254 	2468 	 3238	   33	    0	    0	 1476	6324	000	013
2019-05-19 11:42:43	  63 	c1254 	2469 	 3238	   48	    0	    0	 1477	6324	000	013
2019-05-19 11:52:43	  63 	c1254 	2470 	 3238	   39	    0	    0	 1478	6324	000	014
2019-05-19 12:02:43	  63 	c1254 	2470 	 3238	   39	    0	    0	 1478	6324	000	014
2019-05-19 12:12:43	  63 	c1254 	2470 	 3238	   42	    0	    0	 1479	6324	000	014
2019-05-19 12:22:43	  63 	c1254 	2470 	 3238	   33	    0	    0	 1481	6324	000	014
2019-05-19 12:32:43	  63 	c1254 	2470 	 3238	   35	    0	    0	 1481	6324	000	014
2019-05-19 12:42:43	  63 	c1254 	2472 	 3238	   38	    0	    0	 1483	6324	000	015
2019-05-19 12:52:43	  63 	c1254 	2475 	 3238	  146	    0	    0	 1485	6324	000	015
2019-05-19 13:02:43	  63 	c1254 	2477 	 3238	   33	    0	    0	 1487	6324	000	015
2019-05-19 13:12:43	  63 	c1254 	2477 	 3239	   29	    0	    0	 1487	6326	000	015
2019-05-19 13:22:43	  63 	c1254 	2478 	 3240	   28	    0	    0	 1489	6328	000	016
2019-05-19 13:32:43	  63 	c1254 	2479 	 3239	    3	    0	    0	 1488	6326	000	016
2019-05-19 13:42:43	  63 	c1254 	2479 	 3240	    3	    0	    0	 1490	6328	000	016
2019-05-19 13:52:43	  63 	c1254 	2479 	 3239	    2	    0	    0	 1492	6326	000	016
2019-05-19 14:02:43	  63 	c1254 	2479 	 3240	    2	    0	    0	 1492	6328	000	016
2019-05-19 14:12:43	  63 	c1254 	2479 	 3240	    2	    0	    0	 1495	6328	000	017
2019-05-19 14:22:43	  63 	c1254 	2479 	 3241	    2	    0	    0	 1495	6330	000	017
2019-05-19 14:32:43	  63 	c1254 	2479 	 3241	    2	    0	    0	 1496	6330	000	017
2019-05-19 14:42:43	  63 	c1254 	2479 	 3241	    2	    0	    0	 1498	6330	000	018
2019-05-19 14:42:44	 756 	c1254						 3607 bytes to file.
Date 	Hmsec 	CounterID 	EventID 	Batt 	Light 	T1 	T2 	TC 	Batt(mV) 	Wgt(g/10) 	CoreTemp(C) 	Version 	1903281141 
2019-05-19 14:52:43	  63 	c1254 	2479 	 3241	    2	    0	    0	 1499	6330	000	018
2019-05-19 15:02:43	  63 	c1254 	2479 	 3242	    2	    0	    0	 1499	6332	000	018
2019-05-19 15:12:43	  63 	c1254 	2479 	 3242	    2	    0	    0	 1500	6332	000	018
2019-05-19 15:22:43	  63 	c1254 	2479 	 3242	    2	    0	    0	 1503	6332	000	019
2019-05-19 15:32:43	  63 	c1254 	2479 	 3242	    2	    0	    0	 1503	6332	000	019
2019-05-19 15:42:43	  63 	c1254 	2479 	 3243	    2	    0	    0	 1503	6333	000	019
2019-05-19 15:52:43	  63 	c1254 	2479 	 3243	    2	    0	    0	 1505	6333	000	019
2019-05-19 16:02:43	  63 	c1254 	2479 	 3243	    2	    0	    0	 1506	6333	000	019
2019-05-19 16:12:43	  63 	c1254 	2479 	 3244	    3	    0	    0	 1505	6335	000	019
2019-05-19 16:22:43	  63 	c1254 	2479 	 3244	    2	    0	    0	 1506	6335	000	019
2019-05-19 16:32:43	  63 	c1254 	2479 	 3244	    3	    0	    0	 1510	6335	000	020
2019-05-19 16:42:43	  63 	c1254 	2479 	 3245	    3	    0	    0	 1509	6337	000	020
2019-05-19 16:52:43	  63 	c1254 	2479 	 3245	    3	    0	    0	 1510	6337	000	020
2019-05-19 17:02:43	  63 	c1254 	2479 	 3245	    3	    0	    0	 1511	6337	000	020
2019-05-19 17:12:43	  63 	c1254 	2479 	 3246	    3	    0	    0	 1513	6339	000	021
2019-05-19 17:22:43	  63 	c1254 	2479 	 3246	    3	    0	    0	 1512	6339	000	020
2019-05-19 17:32:43	  63 	c1254 	2479 	 3247	    3	    0	    0	 1513	6341	000	021
2019-05-19 17:42:43	  63 	c1254 	2479 	 3247	    3	    0	    0	 1514	6341	000	021
2019-05-19 17:52:43	  63 	c1254 	2479 	 3247	    3	    0	    0	 1515	6341	000	021
2019-05-19 18:02:43	  63 	c1254 	2479 	 3247	    3	    0	    0	 1516	6341	000	021
2019-05-19 18:12:43	  63 	c1254 	2479 	 3247	    3	    0	    0	 1516	6341	000	021
2019-05-19 18:22:43	  63 	c1254 	2479 	 3248	    3	    0	    0	 1515	6343	000	021
2019-05-19 18:32:43	  63 	c1254 	2479 	 3248	    3	    0	    0	 1518	6343	000	022
2019-05-19 18:42:43	  63 	c1254 	2479 	 3248	    3	    0	    0	 1517	6343	000	021
2019-05-19 18:52:43	  63 	c1254 	2479 	 3249	    3	    0	    0	 1517	6345	000	021
2019-05-19 19:02:43	  63 	c1254 	2479 	 3249	    3	    0	    0	 1518	6345	000	022
2019-05-19 19:12:43	  63 	c1254 	2479 	 3249	    3	    0	    0	 1519	6345	000	022
2019-05-19 19:22:43	  63 	c1254 	2479 	 3250	    3	    0	    0	 1518	6347	000	022
2019-05-19 19:32:43	  63 	c1254 	2479 	 3249	    3	    0	    0	 1520	6345	000	022
2019-05-19 19:42:43	  63 	c1254 	2479 	 3249	    3	    0	    0	 1518	6345	000	022
2019-05-19 19:52:43	  63 	c1254 	2479 	 3250	    3	    0	    0	 1519	6347	000	022
2019-05-19 20:02:43	  63 	c1254 	2479 	 3250	    3	    0	    0	 1518	6347	000	022
2019-05-19 20:12:43	  63 	c1254 	2479 	 3250	    3	    0	    0	 1518	6347	000	022
2019-05-19 20:22:43	  63 	c1254 	2479 	 3250	    3	    0	    0	 1519	6347	000	022
2019-05-19 20:32:43	  63 	c1254 	2479 	 3251	    2	    0	    0	 1518	6349	000	022
2019-05-19 20:42:43	  63 	c1254 	2479 	 3251	    2	    0	    0	 1518	6349	000	022
2019-05-19 20:52:43	  63 	c1254 	2479 	 3250	    2	    0	    0	 1517	6347	000	021
2019-05-19 21:02:43	  63 	c1254 	2479 	 3251	    2	    0	    0	 1518	6349	000	022
2019-05-19 21:12:43	  63 	c1254 	2479 	 3250	    2	    0	    0	 1517	6347	000	021
2019-05-19 21:22:43	  63 	c1254 	2479 	 3251	    2	    0	    0	 1516	6349	000	021
2019-05-19 21:32:43	  63 	c1254 	2479 	 3251	    2	    0	    0	 1516	6349	000	021
2019-05-19 21:42:43	  63 	c1254 	2479 	 3251	    2	    0	    0	 1516	6349	000	021
2019-05-19 21:52:43	  63 	c1254 	2479 	 3250	    2	    0	    0	 1515	6347	000	021
2019-05-19 22:02:43	  63 	c1254 	2479 	 3251	    2	    0	    0	 1514	6349	000	021
2019-05-19 22:12:43	  63 	c1254 	2479 	 3251	    2	    0	    0	 1514	6349	000	021
2019-05-19 22:22:43	  63 	c1254 	2479 	 3250	    2	    0	    0	 1515	6347	000	021
2019-05-19 22:32:43	  63 	c1254 	2479 	 3250	    2	    0	    0	 1514	6347	000	021
2019-05-19 22:42:43	  63 	c1254 	2479 	 3251	    2	    0	    0	 1513	6349	000	021
2019-05-19 22:52:43	  63 	c1254 	2479 	 3251	    2	    0	    0	 1512	6349	000	020
2019-05-19 23:02:43	  63 	c1254 	2479 	 3250	    2	    0	    0	 1512	6347	000	020
2019-05-19 23:12:43	  63 	c1254 	2479 	 3250	    2	    0	    0	 1512	6347	000	020
2019-05-19 23:12:44	 751 	c1254						 3607 bytes to file.
Date 	Hmsec 	CounterID 	EventID 	Batt 	Light 	T1 	T2 	TC 	Batt(mV) 	Wgt(g/10) 	CoreTemp(C) 	Version 	1903281141 
2019-05-19 23:22:43	  63 	c1254 	2479 	 3250	    2	    0	    0	 1511	6347	000	020
2019-05-19 23:32:43	  63 	c1254 	2479 	 3250	    2	    0	    0	 1510	6347	000	020
2019-05-19 23:42:43	  63 	c1254 	2479 	 3250	    2	    0	    0	 1509	6347	000	020
2019-05-19 23:52:43	  63 	c1254 	2479 	 3250	    2	    0	    0	 1509	6347	000	020
2019-05-20 00:02:43	  63 	c1254 	2479 	 3250	    2	    0	    0	 1508	6347	000	020
2019-05-20 00:12:43	  63 	c1254 	2479 	 3250	    2	    0	    0	 1508	6347	000	020
2019-05-20 00:22:43	  63 	c1254 	2479 	 3249	    2	    0	    0	 1507	6345	000	019
2019-05-20 00:32:43	  63 	c1254 	2479 	 3249	    2	    0	    0	 1506	6345	000	019
2019-05-20 00:42:43	  63 	c1254 	2479 	 3249	    2	    0	    0	 1505	6345	000	019
2019-05-20 00:52:43	  63 	c1254 	2479 	 3249	    2	    0	    0	 1505	6345	000	019
2019-05-20 01:02:43	  63 	c1254 	2479 	 3249	    2	    0	    0	 1504	6345	000	019
2019-05-20 01:12:43	  63 	c1254 	2479 	 3249	    1	    0	    0	 1504	6345	000	019
2019-05-20 01:22:43	  63 	c1254 	2479 	 3248	    1	    0	    0	 1504	6343	000	019
2019-05-20 01:32:43	  63 	c1254 	2479 	 3248	    1	    0	    0	 1503	6343	000	019
2019-05-20 01:42:43	  63 	c1254 	2479 	 3248	    1	    0	    0	 1503	6343	000	019
2019-05-20 01:52:43	  63 	c1254 	2479 	 3248	    1	    0	    0	 1501	6343	000	018
2019-05-20 02:02:43	  63 	c1254 	2479 	 3248	    2	    0	    0	 1502	6343	000	018
2019-05-20 02:12:43	  63 	c1254 	2479 	 3248	    1	    0	    0	 1500	6343	000	018
2019-05-20 02:22:43	  63 	c1254 	2479 	 3247	    1	    0	    0	 1499	6341	000	018
2019-05-20 02:32:43	  63 	c1254 	2479 	 3247	    1	    0	    0	 1499	6341	000	018
2019-05-20 02:42:43	  63 	c1254 	2479 	 3247	    1	    0	    0	 1499	6341	000	018
2019-05-20 02:52:43	  63 	c1254 	2479 	 3247	    1	    0	    0	 1498	6341	000	018
2019-05-20 03:02:43	  63 	c1254 	2479 	 3247	    1	    0	    0	 1497	6341	000	017
2019-05-20 03:12:43	  63 	c1254 	2479 	 3246	    1	    0	    0	 1496	6339	000	017
2019-05-20 03:22:43	  63 	c1254 	2479 	 3246	    1	    0	    0	 1496	6339	000	017
2019-05-20 03:32:43	  63 	c1254 	2479 	 3246	    1	    0	    0	 1495	6339	000	017
2019-05-20 03:42:43	  63 	c1254 	2479 	 3246	    1	    0	    0	 1495	6339	000	017
2019-05-20 03:52:43	  63 	c1254 	2479 	 3246	    1	    0	    0	 1494	6339	000	017
2019-05-20 04:02:43	  63 	c1254 	2479 	 3245	    1	    0	    0	 1494	6337	000	017
2019-05-20 04:12:43	  63 	c1254 	2479 	 3245	    1	    0	    0	 1494	6337	000	017
2019-05-20 04:22:43	  63 	c1254 	2479 	 3245	    1	    0	    0	 1492	6337	000	016
2019-05-20 04:32:43	  63 	c1254 	2479 	 3244	    1	    0	    0	 1492	6335	000	016
2019-05-20 04:42:43	  63 	c1254 	2479 	 3244	    1	    0	    0	 1492	6335	000	016
2019-05-20 04:52:43	  63 	c1254 	2479 	 3244	    1	    0	    0	 1492	6335	000	016
2019-05-20 05:02:43	  63 	c1254 	2479 	 3244	    1	    0	    0	 1491	6335	000	016
2019-05-20 05:12:43	  63 	c1254 	2479 	 3244	    1	    0	    0	 1491	6335	000	016
2019-05-20 05:22:43	  63 	c1254 	2479 	 3244	    1	    0	    0	 1490	6335	000	016
2019-05-20 05:32:43	  63 	c1254 	2479 	 3243	    1	    0	    0	 1488	6333	000	016
2019-05-20 05:42:43	  63 	c1254 	2479 	 3243	    1	    0	    0	 1488	6333	000	016
2019-05-20 05:52:43	  63 	c1254 	2479 	 3242	    1	    0	    0	 1488	6332	000	016
2019-05-20 06:02:43	  63 	c1254 	2479 	 3243	    1	    0	    0	 1486	6333	000	015
2019-05-20 06:12:43	  63 	c1254 	2479 	 3242	    1	    0	    0	 1487	6332	000	015
2019-05-20 06:22:43	  63 	c1254 	2479 	 3242	    1	    0	    0	 1487	6332	000	015
2019-05-20 06:32:43	  63 	c1254 	2479 	 3242	    1	    0	    0	 1485	6332	000	015
2019-05-20 06:42:43	  63 	c1254 	2479 	 3242	    1	    0	    0	 1486	6332	000	015
2019-05-20 06:52:43	  63 	c1254 	2479 	 3242	    1	    0	    0	 1485	6332	000	015
2019-05-20 07:02:43	  63 	c1254 	2479 	 3241	    1	    0	    0	 1485	6330	000	015
2019-05-20 07:12:43	  63 	c1254 	2479 	 3241	    1	    0	    0	 1484	6330	000	015
2019-05-20 07:22:43	  63 	c1254 	2479 	 3241	    1	    0	    0	 1483	6330	000	015
2019-05-20 07:32:43	  63 	c1254 	2479 	 3241	    1	    0	    0	 1484	6330	000	015
2019-05-20 07:42:43	  63 	c1254 	2479 	 3240	    1	    0	    0	 1484	6328	000	015
2019-05-20 07:42:44	 743 	c1254						 3607 bytes to file.
Date 	Hmsec 	CounterID 	EventID 	Batt 	Light 	T1 	T2 	TC 	Batt(mV) 	Wgt(g/10) 	CoreTemp(C) 	Version 	1903281141 
2019-05-20 07:52:43	  63 	c1254 	2479 	 3240	    1	    0	    0	 1483	6328	000	015
2019-05-20 08:02:43	  63 	c1254 	2479 	 3240	    1	    0	    0	 1483	6328	000	015
2019-05-20 08:12:43	  63 	c1254 	2479 	 3240	    1	    0	    0	 1482	6328	000	014
2019-05-20 08:22:43	  63 	c1254 	2479 	 3239	    1	    0	    0	 1482	6326	000	014
2019-05-20 08:32:43	  63 	c1254 	2479 	 3239	   31	    0	    0	 1482	6326	000	014
2019-05-20 08:42:43	  63 	c1254 	2479 	 3239	   32	    0	    0	 1483	6326	000	015
2019-05-20 08:52:43	  63 	c1254 	2479 	 3239	   32	    0	    0	 1482	6326	000	014
2019-05-20 09:02:43	  63 	c1254 	2486 	 3240	 3904	    0	    0	 1484	6328	000	015
2019-05-20 09:12:43	  63 	c1254 	2493 	 3240	 3889	    0	    0	 1486	6328	000	015
2019-05-20 09:22:43	  63 	c1254 	2508 	 3239	 3922	    0	    0	 1490	6326	000	016
2019-05-20 09:32:43	  63 	c1254 	2526 	 3240	 3906	    0	    0	 1491	6328	000	016
2019-05-20 09:42:43	  63 	c1254 	2548 	 3239	 3893	    0	    0	 1491	6326	000	016
2019-05-20 09:52:43	  63 	c1254 	2553 	 3239	  406	    0	    0	 1493	6326	000	017
2019-05-20 10:02:43	  63 	c1254 	2553 	 3239	  435	    0	    0	 1494	6326	000	017
2019-05-20 10:12:43	  63 	c1254 	2553 	 3239	   30	    0	    0	 1495	6326	000	017
2019-05-20 10:22:43	  63 	c1254 	2553 	 3239	   27	    0	    0	 1495	6326	000	017
2019-05-20 10:32:43	  63 	c1254 	2553 	 3239	   28	    0	    0	 1495	6326	000	017
2019-05-20 10:42:43	  63 	c1254 	2553 	 3239	   28	    0	    0	 1497	6326	000	017
2019-05-20 10:52:43	  63 	c1254 	2553 	 3239	   28	    0	    0	 1498	6326	000	018
2019-05-20 11:02:43	  63 	c1254 	2553 	 3239	  962	    0	    0	 1500	6326	000	018
2019-05-20 11:08:03	 413 	c1254						 1499 bytes to file.
Date 	Hmsec 	CounterID 	EventID 	Batt 	Light 	T1 	T2 	TC 	Batt(mV) 	Wgt(g/10) 	CoreTemp(C) 	Version 	1903281141 
2019-05-20 11:12:48	  63 	c1254 	2555 	 3240	 3229	    0	    0	 1502	6328	000	018
2019-05-20 11:22:48	  63 	c1254 	2563 	 3241	 3926	    0	    0	 1502	6330	000	018
2019-05-20 11:32:48	  63 	c1254 	2578 	 3240	 3921	    0	    0	 1502	6328	000	018
2019-05-20 11:42:48	  63 	c1254 	2585 	 3241	 3915	    0	    0	 1502	6330	000	018
2019-05-20 11:52:48	  63 	c1254 	2595 	 3240	 3187	    0	    0	 1503	6328	000	019
2019-05-20 12:02:48	  63 	c1254 	2623 	 3240	  165	    0	    0	 1503	6328	000	019
2019-05-20 12:12:48	  63 	c1254 	2624 	 3240	   90	    0	    0	 1502	6328	000	018
2019-05-20 12:22:48	  63 	c1254 	2642 	 3240	  440	    0	    0	 1505	6328	000	019
2019-05-20 12:32:48	  63 	c1254 	2642 	 3241	  503	    0	    0	 1506	6330	000	019
2019-05-20 12:42:23	 171 	c1254						 751 bytes to file.
Date 	Hmsec 	CounterID 	EventID 	Batt 	Light 	T1 	T2 	TC 	Batt(mV) 	Wgt(g/10) 	CoreTemp(C) 	Version 	1903281141 
2019-05-20 12:42:30	 200 	c1254						 139 bytes to file.
