Date	 Hmsec	 CounterID	 EventID	 CounterMsgID	 Status(bin)	 Status(dec)	 Timer[s/12000]	 Unclear	 Entry	 LookIn	 Exit	 LookOut	 Visits
2021-05-25 23:01:09	 744 	c1254	161 bytes to file.
Date	 Hmsec	 CounterID	 EventID	 CounterMsgID	 Status(bin)	 Status(dec)	 Timer[s/12000]	 Unclear	 Entry	 LookIn	 Exit	 LookOut	 Visits
2021-05-26 07:31:09	 842 	c1254	161 bytes to file.
Date	 Hmsec	 CounterID	 EventID	 CounterMsgID	 Status(bin)	 Status(dec)	 Timer[s/12000]	 Unclear	 Entry	 LookIn	 Exit	 LookOut	 Visits
2021-05-26 07:41:15	 124 	c1254 	6356 	 42 	 10101000 	 168 	 8367728 	 296	 337	 266	 375	 70	 507	 
2021-05-26 07:41:22	 497 	c1254 	6357 	 46 	 10101000 	 168 	 8448296 	 297	 337	 266	 375	 70	 507	 
2021-05-26 08:40:27	 676 	c1254 	6358 	 54 	 10111000 	 184 	 13822632 	 297	 337	 266	 375	 71	 507	 
2021-05-26 08:40:38	 771 	c1254 	6359 	 62 	 01110100 	 116 	 13943976 	 297	 337	 267	 375	 71	 508	 
2021-05-26 08:42:36	 247 	c1254 	6360 	 69 	 01110100 	 116 	 15230064 	 297	 337	 268	 375	 71	 509	 
2021-05-26 08:42:38	  96 	c1254 	6361 	 73 	 01010100 	 84 	 15250512 	 298	 337	 268	 375	 71	 509	 
2021-05-26 08:42:39	 732 	c1254 	6362 	 79 	 01110100 	 116 	 15267456 	 298	 337	 269	 375	 71	 509	 
2021-05-26 08:42:42	 361 	c1254 	6363 	 83 	 01010100 	 84 	 15296760 	 299	 337	 269	 375	 71	 509	 
2021-05-26 08:42:44	1058 	c1254 	6365 	 91 	 01110100 	 116 	 15325224 	 299	 337	 270	 375	 71	 509	 
2021-05-26 08:42:47	1028 	c1254 	6366 	 99 	 01110100 	 116 	 15357744 	 299	 337	 271	 375	 71	 509	 
2021-05-26 08:42:58	 103 	c1254 	6367 	 105 	 01111000 	 120 	 15469248 	 299	 337	 271	 376	 71	 509	 
2021-05-26 08:43:49	 328 	c1254 	6368 	 111 	 01110100 	 116 	 16028616 	 299	 337	 272	 376	 71	 510	 
2021-05-26 08:43:51	 472 	c1254 	6370 	 118 	 11110100 	 244 	 16051824 	 300	 337	 272	 376	 71	 510	 
2021-05-26 08:44:00	 944 	c1254 	6371 	 125 	 01111000 	 120 	 16154592 	 300	 337	 272	 377	 71	 510	 
2021-05-26 08:45:33	 758 	c1254 	6372 	 129 	 01010100 	 84 	 390944 	 301	 337	 272	 377	 71	 510	 
2021-05-26 08:45:35	 414 	c1254 	6373 	 135 	 10110100 	 180 	 409520 	 301	 338	 272	 377	 71	 511	 
2021-05-26 08:45:38	 228 	c1254 	6374 	 141 	 01111000 	 120 	 440504 	 301	 338	 272	 378	 71	 511	 
2021-05-26 08:46:46	 400 	c1254 	6375 	 147 	 01110100 	 116 	 1183736 	 301	 338	 273	 378	 71	 512	 
2021-05-26 08:46:50	 616 	c1254 	6376 	 153 	 01111000 	 120 	 1229384 	 301	 338	 273	 379	 71	 512	 
2021-05-26 08:47:45	  72 	c1254 	6377 	 159 	 01110100 	 116 	 1823720 	 301	 338	 274	 379	 71	 513	 
2021-05-26 08:47:55	 114 	c1254 	6378 	 167 	 01111000 	 120 	 1933064 	 301	 338	 274	 380	 71	 513	 
2021-05-26 08:49:56	 553 	c1254 	6379 	 173 	 10110100 	 180 	 3254744 	 301	 339	 274	 380	 71	 514	 
2021-05-26 08:50:01	 155 	c1254 	6380 	 182 	 11111000 	 248 	 3305408 	 302	 339	 274	 380	 71	 514	 
2021-05-26 08:51:10	 604 	c1254 	6382 	 190 	 01110100 	 116 	 4060448 	 302	 339	 275	 380	 71	 515	 
2021-05-26 08:51:16	 640 	c1254 	6383 	 196 	 01111000 	 120 	 4126064 	 302	 339	 275	 381	 71	 515	 
2021-05-26 08:52:38	 131 	c1254 	6384 	 204 	 10110100 	 180 	 5012816 	 302	 340	 275	 381	 71	 516	 
2021-05-26 08:52:47	 150 	c1254 	6385 	 212 	 01111000 	 120 	 5110832 	 302	 340	 275	 382	 71	 516	 
2021-05-26 08:53:56	 606 	c1254 	6387 	 220 	 10110100 	 180 	 5865008 	 302	 341	 275	 382	 71	 517	 
2021-05-26 08:54:01	 348 	c1254 	6388 	 226 	 01111000 	 120 	 5916896 	 302	 341	 275	 383	 71	 517	 
2021-05-26 08:54:54	1032 	c1254 	6389 	 234 	 10110100 	 180 	 6499040 	 302	 342	 275	 383	 71	 518	 
2021-05-26 08:55:00	 280 	c1254 	6390 	 240 	 01111000 	 120 	 6557144 	 302	 342	 275	 384	 71	 518	 
2021-05-26 08:55:48	 762 	c1254 	6391 	 246 	 01110100 	 116 	 7083056 	 302	 342	 276	 384	 71	 519	 
2021-05-26 08:55:58	  50 	c1254 	6392 	 254 	 01111000 	 120 	 7184984 	 302	 342	 276	 385	 71	 519	 
2021-05-26 08:58:02	 563 	c1254 	6393 	 4 	 01110100 	 116 	 8535968 	 302	 342	 277	 385	 71	 520	 
2021-05-26 08:58:11	1038 	c1254 	6394 	 10 	 01111000 	 120 	 8638088 	 302	 342	 277	 386	 71	 520	 
2021-05-26 08:58:46	 505 	c1254 	6395 	 18 	 10110100 	 180 	 9012848 	 302	 343	 277	 386	 71	 521	 
2021-05-26 08:58:56	 510 	c1254 	6396 	 24 	 01111000 	 120 	 9121424 	 302	 343	 277	 387	 71	 521	 
2021-05-26 08:59:54	 738 	c1254 	6397 	 28 	 01010100 	 84 	 9752792 	 303	 343	 277	 387	 71	 521	 
2021-05-26 08:59:57	 341 	c1254 	6398 	 40 	 01110100 	 116 	 9781616 	 303	 343	 278	 387	 71	 522	 
2021-05-26 08:59:59	 154 	c1254 	6400 	 52 	 10110100 	 180 	 9801560 	 303	 344	 278	 387	 71	 522	 
2021-05-26 09:00:04	 261 	c1254 	6401 	 58 	 01111000 	 120 	 9856808 	 303	 344	 278	 388	 71	 522	 
2021-05-26 09:00:10	 592 	c1254 	6403 	 72 	 10110100 	 180 	 9925016 	 303	 345	 278	 388	 71	 523	 
2021-05-26 09:00:28	 865 	c1254 	6404 	 81 	 11111000 	 248 	 10122800 	 304	 345	 278	 388	 71	 523	 
2021-05-26 09:00:46	 628 	c1254 	6405 	 87 	 01110100 	 116 	 10315808 	 304	 345	 279	 388	 71	 524	 
2021-05-26 09:00:53	 148 	c1254 	6406 	 95 	 01111000 	 120 	 10387232 	 304	 345	 279	 389	 71	 524	 
2021-05-26 09:01:12	 294 	c1254 	6408 	 107 	 01110100 	 116 	 10594688 	 304	 345	 280	 389	 71	 525	 
2021-05-26 09:01:12	1092 	c1254 	6410 	 117 	 01110100 	 116 	 10602200 	 304	 345	 281	 389	 71	 525	 
2021-05-26 09:02:33	 412 	c1254 	6411 	 124 	 01110100 	 116 	 11474216 	 304	 345	 282	 389	 71	 526	 
2021-05-26 09:02:37	 651 	c1254 	6412 	 130 	 01111000 	 120 	 11519840 	 304	 345	 282	 390	 71	 526	 
2021-05-26 09:03:08	 804 	c1254 	6413 	 136 	 10110100 	 180 	 11857448 	 304	 346	 282	 390	 71	 527	 
2021-05-26 09:03:20	 116 	c1254 	6414 	 142 	 01111000 	 120 	 11981096 	 304	 346	 282	 391	 71	 527	 
2021-05-26 09:04:01	1125 	c1254 	6415 	 151 	 10110100 	 180 	 12435104 	 304	 347	 282	 391	 71	 528	 
2021-05-26 09:04:08	 563 	c1254 	6416 	 157 	 01111000 	 120 	 12505712 	 304	 347	 282	 392	 71	 528	 
2021-05-26 09:05:43	 370 	c1254 	6417 	 165 	 10110100 	 180 	 13533704 	 304	 348	 282	 392	 71	 529	 
2021-05-26 09:05:53	 737 	c1254 	6418 	 170 	 11110100 	 244 	 13645544 	 305	 348	 282	 392	 71	 529	 
2021-05-26 09:05:56	 426 	c1254 	6419 	 174 	 10101000 	 168 	 13675136 	 306	 348	 282	 392	 71	 529	 
2021-05-26 09:05:57	 582 	c1254 	6420 	 182 	 11111000 	 248 	 13687448 	 307	 348	 282	 392	 71	 529	 
2021-05-26 09:06:06	 913 	c1254 	6421 	 190 	 01111000 	 120 	 13788104 	 307	 348	 282	 393	 71	 529	 
2021-05-26 09:06:28	 516 	c1254 	6422 	 195 	 11110100 	 244 	 14022824 	 308	 348	 282	 393	 71	 529	 
2021-05-26 09:06:33	 675 	c1254 	6423 	 201 	 01111000 	 120 	 14078504 	 308	 348	 282	 394	 71	 529	 
2021-05-26 09:07:00	 676 	c1254 	6424 	 207 	 10110100 	 180 	 14371088 	 308	 349	 282	 394	 71	 530	 
2021-05-26 09:07:06	 690 	c1254 	6425 	 212 	 01111100 	 124 	 14436248 	 309	 349	 282	 394	 71	 530	 
2021-05-26 09:07:39	 219 	c1254 	6426 	 222 	 10110100 	 180 	 14789432 	 309	 350	 282	 394	 71	 531	 
2021-05-26 09:08:00	  20 	c1254 	6427 	 228 	 10110100 	 180 	 15015104 	 309	 351	 282	 394	 71	 532	 
2021-05-26 09:08:01	 236 	c1254 	6428 	 236 	 01111000 	 120 	 15027968 	 309	 351	 282	 395	 71	 532	 
2021-05-26 09:08:14	 947 	c1254 	6429 	 242 	 01111000 	 120 	 15175544 	 309	 351	 282	 396	 71	 532	 
2021-05-26 09:10:12	 764 	c1254 	6430 	 250 	 10110100 	 180 	 16452392 	 309	 352	 282	 396	 71	 533	 
2021-05-26 09:10:21	 497 	c1254 	6431 	 0 	 01111000 	 120 	 16547384 	 309	 352	 282	 397	 71	 533	 
2021-05-26 09:10:23	 635 	c1254 	6432 	 6 	 10110100 	 180 	 16570352 	 309	 353	 282	 397	 71	 534	 
2021-05-26 09:10:31	1001 	c1254 	6433 	 14 	 01111000 	 120 	 16660472 	 309	 353	 282	 398	 71	 534	 
2021-05-26 09:10:59	  42 	c1254 	6437 	 36 	 01110100 	 116 	 177544 	 309	 353	 283	 398	 71	 535	 
2021-05-26 09:10:59	1104 	c1254 	6438 	 48 	 01110100 	 116 	 187528 	 309	 353	 284	 398	 71	 535	 
2021-05-26 09:11:01	 187 	c1254 	6440 	 66 	 01110100 	 116 	 200584 	 309	 353	 285	 398	 71	 535	 
2021-05-26 09:11:02	 945 	c1254 	6442 	 75 	 01110100 	 116 	 218536 	 309	 353	 286	 398	 71	 535	 
2021-05-26 09:11:04	 687 	c1254 	6445 	 86 	 01110100 	 116 	 237784 	 309	 353	 287	 398	 71	 535	 
2021-05-26 09:11:05	 872 	c1254 	6447 	 95 	 01110100 	 116 	 250360 	 309	 353	 288	 398	 71	 535	 
2021-05-26 09:11:14	 618 	c1254	7906 bytes to file.
Date	 Hmsec	 CounterID	 EventID	 CounterMsgID	 Status(bin)	 Status(dec)	 Timer[s/12000]	 Unclear	 Entry	 LookIn	 Exit	 LookOut	 Visits
2021-05-26 09:11:37	 332 	c1254 	6450 	 111 	 01110100 	 116 	 591904 	 309	 353	 289	 398	 71	 536	 
2021-05-26 09:11:47	 195 	c1254 	6452 	 120 	 01111000 	 120 	 698920 	 309	 353	 289	 399	 71	 536	 
2021-05-26 09:11:48	 713 	c1254 	6454 	 128 	 01110100 	 116 	 714616 	 309	 353	 290	 399	 71	 537	 
2021-05-26 09:11:52	 731 	c1254 	6455 	 134 	 01111000 	 120 	 758104 	 309	 353	 290	 400	 71	 537	 
2021-05-26 09:12:27	1087 	c1254 	6456 	 140 	 10110100 	 180 	 1140496 	 309	 354	 290	 400	 71	 538	 
2021-05-26 09:14:34	 310 	c1254 	6457 	 146 	 10110100 	 180 	 2508448 	 309	 355	 290	 400	 71	 539	 
2021-05-26 09:14:37	 530 	c1254 	6458 	 154 	 01111000 	 120 	 2543008 	 309	 355	 290	 401	 71	 539	 
2021-05-26 09:14:42	 514 	c1254 	6459 	 165 	 01111000 	 120 	 2597008 	 309	 355	 290	 402	 71	 539	 
2021-05-26 09:15:20	1117 	c1254 	6460 	 171 	 10110100 	 180 	 3014152 	 309	 356	 290	 402	 71	 540	 
2021-05-26 09:15:28	 838 	c1254 	6461 	 177 	 01111000 	 120 	 3098152 	 309	 356	 290	 403	 71	 540	 
2021-05-26 09:16:19	 433 	c1254 	6463 	 185 	 01110100 	 116 	 3646528 	 309	 356	 291	 403	 71	 541	 
2021-05-26 09:16:26	  24 	c1254 	6464 	 193 	 01111000 	 120 	 3718480 	 309	 356	 291	 404	 71	 541	 
2021-05-26 09:18:16	 791 	c1254 	6465 	 201 	 10110100 	 180 	 4916464 	 309	 357	 291	 404	 71	 542	 
2021-05-26 09:18:25	 847 	c1254 	6466 	 207 	 01111000 	 120 	 5014408 	 309	 357	 291	 405	 71	 542	 
2021-05-26 09:18:33	 227 	c1254 	6468 	 218 	 10110100 	 180 	 5095168 	 309	 358	 291	 405	 71	 543	 
2021-05-26 09:18:42	 762 	c1254 	6470 	 227 	 01111000 	 120 	 5197624 	 309	 358	 291	 406	 71	 543	 
2021-05-26 09:19:16	 987 	c1254 	6471 	 233 	 10110100 	 180 	 5567728 	 309	 359	 291	 406	 71	 544	 
2021-05-26 09:19:30	 266 	c1254 	6472 	 241 	 01111000 	 120 	 5712496 	 309	 359	 291	 407	 71	 544	 
2021-05-26 09:21:22	 326 	c1254 	6473 	 247 	 10110100 	 180 	 6925432 	 309	 360	 291	 407	 71	 545	 
2021-05-26 09:21:31	 854 	c1254 	6474 	 253 	 01111000 	 120 	 7027840 	 309	 360	 291	 408	 71	 545	 
2021-05-26 09:26:27	 579 	c1254 	6475 	 2 	 11110100 	 244 	 10229200 	 310	 360	 291	 408	 71	 545	 
2021-05-26 09:27:53	 162 	c1254 	6476 	 8 	 10110100 	 180 	 11156176 	 310	 361	 291	 408	 71	 546	 
2021-05-26 09:28:00	 757 	c1254 	6477 	 14 	 01111000 	 120 	 11237512 	 310	 361	 291	 409	 71	 546	 
2021-05-26 09:28:04	 426 	c1254 	6478 	 20 	 10111000 	 184 	 11277712 	 310	 361	 291	 409	 72	 546	 
2021-05-26 09:28:38	 591 	c1254 	6479 	 29 	 01110100 	 116 	 11647336 	 310	 361	 292	 409	 72	 547	 
2021-05-26 09:28:41	1005 	c1254 	6480 	 35 	 01111000 	 120 	 11683696 	 310	 361	 292	 410	 72	 547	 
2021-05-26 09:30:53	 789 	c1254 	6481 	 47 	 10110100 	 180 	 13110496 	 310	 362	 292	 410	 72	 548	 
2021-05-26 09:31:02	 261 	c1254 	6482 	 53 	 10111000 	 184 	 13202968 	 310	 362	 292	 410	 73	 548	 
2021-05-26 09:33:33	 644 	c1254 	6483 	 59 	 01110100 	 116 	 14841208 	 310	 362	 293	 410	 73	 549	 
2021-05-26 09:33:43	 775 	c1254 	6484 	 67 	 01111000 	 120 	 14950720 	 310	 362	 293	 411	 73	 549	 
2021-05-26 09:34:02	1137 	c1254 	6485 	 73 	 01110100 	 116 	 15159784 	 310	 362	 294	 411	 73	 550	 
2021-05-26 09:34:12	 749 	c1254 	6487 	 81 	 01111000 	 120 	 15264400 	 310	 362	 294	 412	 73	 550	 
2021-05-26 09:34:31	 848 	c1254 	6488 	 87 	 01110100 	 116 	 15471040 	 310	 362	 295	 412	 73	 551	 
2021-05-26 09:34:36	 551 	c1254 	6489 	 93 	 01111000 	 120 	 15522376 	 310	 362	 295	 413	 73	 551	 
2021-05-26 09:35:48	 765 	c1254 	6490 	 99 	 10110100 	 180 	 16303888 	 310	 363	 295	 413	 73	 552	 
2021-05-26 09:35:57	 887 	c1254 	6491 	 105 	 01111000 	 120 	 16402456 	 310	 363	 295	 414	 73	 552	 
2021-05-26 09:36:35	 430 	c1254 	6492 	 113 	 10110100 	 180 	 32304 	 310	 364	 295	 414	 73	 553	 
2021-05-26 09:36:41	 698 	c1254 	6493 	 118 	 11111000 	 248 	 99768 	 311	 364	 295	 414	 73	 553	 
2021-05-26 09:36:54	1092 	c1254 	6494 	 125 	 11110100 	 244 	 244176 	 312	 364	 295	 414	 73	 553	 
2021-05-26 09:37:00	 675 	c1254 	6495 	 131 	 10110100 	 180 	 305232 	 312	 365	 295	 414	 73	 554	 
2021-05-26 09:37:16	  16 	c1254 	6496 	 137 	 01111000 	 120 	 472272 	 312	 365	 295	 415	 73	 554	 
2021-05-26 09:37:20	 816 	c1254 	6497 	 146 	 01111000 	 120 	 523104 	 312	 365	 295	 416	 73	 554	 
2021-05-26 09:37:47	 631 	c1254 	6498 	 152 	 01110100 	 116 	 813744 	 312	 365	 296	 416	 73	 555	 
2021-05-26 09:37:56	 851 	c1254 	6499 	 160 	 01111000 	 120 	 913272 	 312	 365	 296	 417	 73	 555	 
2021-05-26 09:38:28	 118 	c1254 	6500 	 166 	 10110100 	 180 	 1252992 	 312	 366	 296	 417	 73	 556	 
2021-05-26 09:38:37	 332 	c1254 	6501 	 176 	 10111000 	 184 	 1352496 	 312	 366	 296	 417	 74	 556	 
2021-05-26 09:39:00	  30 	c1254 	6502 	 182 	 10110100 	 180 	 1598760 	 312	 367	 296	 417	 74	 557	 
2021-05-26 09:39:05	  54 	c1254 	6503 	 190 	 01111000 	 120 	 1653144 	 312	 367	 296	 418	 74	 557	 
2021-05-26 09:39:37	1098 	c1254 	6505 	 198 	 01110100 	 116 	 2009496 	 312	 367	 297	 418	 74	 558	 
2021-05-26 09:39:45	 972 	c1254 	6506 	 206 	 01111000 	 120 	 2094984 	 312	 367	 297	 419	 74	 558	 
2021-05-26 09:40:56	 546 	c1254 	6507 	 218 	 01110100 	 116 	 2859888 	 312	 367	 298	 419	 74	 559	 
2021-05-26 09:41:03	 305 	c1254 	6508 	 224 	 01111000 	 120 	 2933424 	 312	 367	 298	 420	 74	 559	 
2021-05-26 09:41:29	 596 	c1254 	6509 	 230 	 10110100 	 180 	 3217728 	 312	 368	 298	 420	 74	 560	 
2021-05-26 09:41:35	  17 	c1254 	6510 	 236 	 01111000 	 120 	 3277272 	 312	 368	 298	 421	 74	 560	 
2021-05-26 09:41:41	 680 	c1254 	6511 	 247 	 10110100 	 180 	 3348480 	 312	 369	 298	 421	 74	 561	 
2021-05-26 09:41:48	  26 	c1254 	6512 	 255 	 01111000 	 120 	 3418152 	 312	 369	 298	 422	 74	 561	 
2021-05-26 09:42:31	 476 	c1254 	6513 	 5 	 10110100 	 180 	 3887976 	 312	 370	 298	 422	 74	 562	 
2021-05-26 09:42:38	  60 	c1254 	6514 	 10 	 11111000 	 248 	 3959856 	 313	 370	 298	 422	 74	 562	 
2021-05-26 09:43:09	1118 	c1254 	6515 	 16 	 01110100 	 116 	 4305456 	 313	 370	 299	 422	 74	 563	 
2021-05-26 09:43:14	 755 	c1254 	6516 	 22 	 01110100 	 116 	 4356168 	 313	 370	 300	 422	 74	 563	 
2021-05-26 09:44:59	 380 	c1254 	6519 	 39 	 01110100 	 116 	 5489496 	 313	 370	 301	 422	 74	 564	 
2021-05-26 09:45:04	1074 	c1254 	6523 	 59 	 01110100 	 116 	 5550168 	 313	 370	 302	 422	 74	 564	 
2021-05-26 09:45:15	 286 	c1254 	6524 	 67 	 10110100 	 180 	 5661864 	 313	 371	 302	 422	 74	 564	 
2021-05-26 09:45:33	 822 	c1254 	6525 	 77 	 01111000 	 120 	 5861784 	 313	 371	 302	 423	 74	 564	 
2021-05-26 09:46:06	 353 	c1254 	6526 	 82 	 11110100 	 244 	 6214656 	 314	 371	 302	 423	 74	 564	 
2021-05-26 09:46:14	 963 	c1254 	6527 	 88 	 01111000 	 120 	 6307008 	 314	 371	 302	 424	 74	 564	 
2021-05-26 09:46:18	  26 	c1254 	6528 	 96 	 10110100 	 180 	 6341520 	 314	 372	 302	 424	 74	 565	 
2021-05-26 09:46:25	 417 	c1254 	6529 	 102 	 01111000 	 120 	 6420984 	 314	 372	 302	 425	 74	 565	 
2021-05-26 09:46:33	1142 	c1254	7070 bytes to file.
Date	 Hmsec	 CounterID	 EventID	 CounterMsgID	 Status(bin)	 Status(dec)	 Timer[s/12000]	 Unclear	 Entry	 LookIn	 Exit	 LookOut	 Visits
2021-05-26 09:47:13	 863 	c1254 	6530 	 111 	 10110100 	 180 	 6944880 	 314	 373	 302	 425	 74	 566	 
2021-05-26 09:47:26	 760 	c1254 	6531 	 119 	 01111000 	 120 	 7084656 	 314	 373	 302	 426	 74	 566	 
2021-05-26 09:48:11	 630 	c1254 	6532 	 125 	 01110100 	 116 	 7570704 	 314	 373	 303	 426	 74	 567	 
2021-05-26 09:48:21	 839 	c1254 	6533 	 133 	 01111000 	 120 	 7680936 	 314	 373	 303	 427	 74	 567	 
2021-05-26 09:48:26	 401 	c1254 	6534 	 141 	 10110100 	 180 	 7730952 	 314	 374	 303	 427	 74	 568	 
2021-05-26 09:54:31	 557 	c1254 	6535 	 147 	 01110100 	 116 	 11684928 	 314	 374	 304	 427	 74	 569	 
2021-05-26 09:54:38	 658 	c1254 	6537 	 162 	 01111000 	 120 	 11761704 	 314	 374	 304	 428	 74	 569	 
2021-05-26 09:56:12	  48 	c1254 	6538 	 170 	 01110100 	 116 	 12773904 	 314	 374	 305	 428	 74	 570	 
2021-05-26 09:56:21	 252 	c1254 	6539 	 176 	 01110100 	 116 	 12873264 	 314	 374	 306	 428	 74	 570	 
2021-05-26 09:57:06	 941 	c1254 	6540 	 183 	 10110100 	 180 	 13367016 	 314	 375	 306	 428	 74	 571	 
2021-05-26 09:57:15	 614 	c1254 	6541 	 193 	 01111000 	 120 	 13461432 	 314	 375	 306	 429	 74	 571	 
2021-05-26 09:58:42	 828 	c1254 	6542 	 201 	 01110100 	 116 	 14405568 	 314	 375	 307	 429	 74	 572	 
2021-05-26 09:58:53	1089 	c1254 	6543 	 208 	 01111000 	 120 	 14527152 	 314	 375	 307	 430	 74	 572	 
2021-05-26 09:59:39	 582 	c1254 	6544 	 218 	 01110100 	 116 	 15020616 	 314	 375	 308	 430	 74	 573	 
2021-05-26 09:59:41	 714 	c1254 	6545 	 226 	 10110100 	 180 	 15043512 	 314	 376	 308	 430	 74	 573	 
2021-05-26 09:59:46	 950 	c1254 	6546 	 236 	 01111000 	 120 	 15099888 	 314	 376	 308	 431	 74	 573	 
2021-05-26 09:59:48	 878 	c1254 	6547 	 242 	 01111000 	 120 	 15120864 	 314	 376	 308	 432	 74	 573	 
2021-05-26 10:00:17	 996 	c1254 	6548 	 247 	 11110100 	 244 	 15436104 	 315	 376	 308	 432	 74	 573	 
2021-05-26 10:00:21	 708 	c1254 	6550 	 1 	 10110100 	 180 	 15476736 	 315	 377	 308	 432	 74	 574	 
2021-05-26 10:00:27	 541 	c1254 	6551 	 7 	 01111000 	 120 	 15540168 	 315	 377	 308	 433	 74	 574	 
2021-05-26 10:00:31	 238 	c1254 	6552 	 13 	 01111000 	 120 	 15580656 	 315	 377	 308	 434	 74	 574	 
2021-05-26 10:01:26	  78 	c1254 	6553 	 21 	 01110100 	 116 	 16174920 	 315	 377	 309	 434	 74	 575	 
2021-05-26 10:01:31	1096 	c1254 	6554 	 27 	 01111000 	 120 	 16238640 	 315	 377	 309	 435	 74	 575	 
2021-05-26 10:01:35	 199 	c1254 	6555 	 33 	 01110100 	 116 	 16273536 	 315	 377	 310	 435	 74	 576	 
2021-05-26 10:01:41	 134 	c1254 	6556 	 41 	 01111000 	 120 	 16337904 	 315	 377	 310	 436	 74	 576	 
2021-05-26 10:02:31	  91 	c1254 	6557 	 48 	 01110100 	 116 	 101864 	 315	 377	 311	 436	 74	 577	 
2021-05-26 10:02:38	  33 	c1254 	6558 	 56 	 01110100 	 116 	 177176 	 315	 377	 312	 436	 74	 577	 
2021-05-26 10:02:44	 874 	c1254 	6559 	 62 	 10110100 	 180 	 250088 	 315	 378	 312	 436	 74	 577	 
2021-05-26 10:02:52	 179 	c1254 	6560 	 68 	 10111000 	 184 	 330224 	 315	 378	 312	 436	 75	 577	 
2021-05-26 10:03:29	 854 	c1254 	6561 	 78 	 10110100 	 180 	 737408 	 315	 379	 312	 436	 75	 578	 
2021-05-26 10:03:36	 118 	c1254 	6562 	 84 	 01111000 	 120 	 806336 	 315	 379	 312	 437	 75	 578	 
2021-05-26 10:04:08	  74 	c1254 	6563 	 90 	 10110100 	 180 	 1152608 	 315	 380	 312	 437	 75	 579	 
2021-05-26 10:04:13	 690 	c1254 	6564 	 96 	 10111000 	 184 	 1212560 	 315	 380	 312	 437	 76	 579	 
2021-05-26 10:04:21	 843 	c1254 	6565 	 106 	 10110100 	 180 	 1300664 	 315	 381	 312	 437	 76	 580	 
2021-05-26 10:04:26	 720 	c1254 	6566 	 112 	 01111000 	 120 	 1353680 	 315	 381	 312	 438	 76	 580	 
2021-05-26 10:05:01	 935 	c1254 	6567 	 118 	 10110100 	 180 	 1734848 	 315	 382	 312	 438	 76	 581	 
2021-05-26 10:05:11	 670 	c1254 	6569 	 126 	 10111000 	 184 	 1840688 	 315	 382	 312	 438	 77	 581	 
2021-05-26 10:05:13	  83 	c1254 	6571 	 136 	 01111000 	 120 	 1856840 	 315	 382	 312	 439	 77	 581	 
2021-05-26 10:07:12	  74 	c1254 	6572 	 144 	 10110100 	 180 	 3145976 	 315	 383	 312	 439	 77	 582	 
2021-05-26 10:07:24	1030 	c1254 	6573 	 150 	 01111000 	 120 	 3284984 	 315	 383	 312	 440	 77	 582	 
2021-05-26 10:08:06	 547 	c1254 	6575 	 158 	 01110100 	 116 	 3735584 	 315	 383	 313	 440	 77	 583	 
2021-05-26 10:08:14	1024 	c1254 	6576 	 164 	 10110100 	 180 	 3826784 	 315	 384	 313	 440	 77	 583	 
2021-05-26 10:08:19	  81 	c1254 	6577 	 170 	 01111000 	 120 	 3872120 	 315	 384	 313	 441	 77	 583	 
2021-05-26 10:08:23	 851 	c1254 	6578 	 176 	 01111000 	 120 	 3922712 	 315	 384	 313	 442	 77	 583	 
2021-05-26 10:08:44	 618 	c1254 	6579 	 182 	 10110100 	 180 	 4148144 	 315	 385	 313	 442	 77	 584	 
2021-05-26 10:08:58	 478 	c1254 	6580 	 188 	 01111000 	 120 	 4298552 	 315	 385	 313	 443	 77	 584	 
2021-05-26 10:09:06	 692 	c1254 	6583 	 201 	 01110100 	 116 	 4387280 	 315	 385	 314	 443	 77	 585	 
2021-05-26 10:09:07	 340 	c1254 	6585 	 217 	 01110100 	 116 	 4394816 	 315	 385	 315	 443	 77	 585	 
2021-05-26 10:09:08	 407 	c1254 	6587 	 229 	 01110100 	 116 	 4406288 	 315	 385	 316	 443	 77	 585	 
2021-05-26 10:09:10	 742 	c1254 	6589 	 244 	 01110100 	 116 	 4431128 	 315	 385	 317	 443	 77	 585	 
2021-05-26 10:10:33	  22 	c1254 	6590 	 253 	 01110100 	 116 	 5324072 	 315	 385	 318	 443	 77	 586	 
2021-05-26 10:10:45	 265 	c1254 	6591 	 4 	 01111000 	 120 	 5456432 	 315	 385	 318	 444	 77	 586	 
2021-05-26 10:11:15	 275 	c1254 	6592 	 10 	 10110100 	 180 	 5781632 	 315	 386	 318	 444	 77	 587	 
2021-05-26 10:11:24	 746 	c1254 	6593 	 16 	 01111000 	 120 	 5883632 	 315	 386	 318	 445	 77	 587	 
2021-05-26 10:12:21	 357 	c1254 	6594 	 24 	 10110100 	 180 	 6497792 	 315	 387	 318	 445	 77	 588	 
2021-05-26 10:12:32	1048 	c1254 	6595 	 30 	 01111000 	 120 	 6623528 	 315	 387	 318	 446	 77	 588	 
2021-05-26 10:13:18	 529 	c1254 	6596 	 36 	 01110100 	 116 	 7117160 	 315	 387	 319	 446	 77	 589	 
2021-05-26 10:13:28	1120 	c1254 	6597 	 50 	 10110100 	 180 	 7231088 	 315	 388	 319	 446	 77	 589	 
2021-05-26 10:13:30	 619 	c1254 	6598 	 56 	 01111000 	 120 	 7248056 	 315	 388	 319	 447	 77	 589	 
2021-05-26 10:13:46	 108 	c1254 	6599 	 62 	 01111000 	 120 	 7416704 	 315	 388	 319	 448	 77	 589	 
2021-05-26 10:14:05	  78 	c1254 	6600 	 70 	 10110100 	 180 	 7622408 	 315	 389	 319	 448	 77	 590	 
2021-05-26 10:14:10	 763 	c1254 	6601 	 76 	 01111000 	 120 	 7683056 	 315	 389	 319	 449	 77	 590	 
2021-05-26 10:14:45	 941 	c1254 	6603 	 84 	 01110100 	 116 	 8064200 	 315	 389	 320	 449	 77	 591	 
2021-05-26 10:14:52	1118 	c1254 	6604 	 90 	 10111000 	 184 	 8141744 	 315	 389	 320	 449	 78	 591	 
2021-05-26 10:14:55	 177 	c1254 	6606 	 100 	 01111000 	 120 	 8165408 	 315	 389	 320	 450	 78	 591	 
2021-05-26 10:15:13	 211 	c1254 	6607 	 110 	 10110100 	 180 	 8360888 	 315	 390	 320	 450	 78	 592	 
2021-05-26 10:15:22	   7 	c1254	6876 bytes to file.
Date	 Hmsec	 CounterID	 EventID	 CounterMsgID	 Status(bin)	 Status(dec)	 Timer[s/12000]	 Unclear	 Entry	 LookIn	 Exit	 LookOut	 Visits
2021-05-26 10:15:26	 561 	c1254 	6608 	 122 	 01111000 	 120 	 8505200 	 315	 390	 320	 451	 78	 592	 
2021-05-26 10:15:42	 322 	c1254 	6609 	 128 	 10110100 	 180 	 8676464 	 315	 391	 320	 451	 78	 593	 
2021-05-26 10:15:52	 344 	c1254 	6610 	 136 	 01111000 	 120 	 8785112 	 315	 391	 320	 452	 78	 593	 
2021-05-26 10:17:05	 914 	c1254 	6611 	 142 	 10110100 	 180 	 9582224 	 315	 392	 320	 452	 78	 594	 
2021-05-26 10:17:12	 217 	c1254 	6612 	 148 	 10111000 	 184 	 9651584 	 315	 392	 320	 452	 79	 594	 
2021-05-26 10:17:46	 594 	c1254 	6613 	 155 	 01110100 	 116 	 10023848 	 315	 392	 321	 452	 79	 595	 
2021-05-26 10:17:57	 521 	c1254 	6614 	 161 	 01111000 	 120 	 10142480 	 315	 392	 321	 453	 79	 595	 
2021-05-26 10:18:00	1076 	c1254 	6616 	 171 	 10110100 	 180 	 10180256 	 315	 393	 321	 453	 79	 596	 
2021-05-26 10:18:16	  77 	c1254 	6617 	 179 	 10111000 	 184 	 10344464 	 315	 393	 321	 453	 80	 596	 
2021-05-26 10:20:25	 424 	c1254 	6618 	 188 	 01110100 	 116 	 11747192 	 315	 393	 322	 453	 80	 597	 
2021-05-26 10:20:34	 568 	c1254 	6619 	 196 	 01111000 	 120 	 11846216 	 315	 393	 322	 454	 80	 597	 
2021-05-26 10:21:02	 169 	c1254 	6620 	 203 	 10110100 	 180 	 12146336 	 315	 394	 322	 454	 80	 598	 
2021-05-26 10:21:35	 386 	c1254 	6621 	 211 	 01111000 	 120 	 12506480 	 315	 394	 322	 455	 80	 598	 
2021-05-26 10:22:10	 474 	c1254 	6622 	 221 	 01110100 	 116 	 12887144 	 315	 394	 323	 455	 80	 599	 
2021-05-26 10:22:16	 211 	c1254 	6623 	 227 	 01111000 	 120 	 12949784 	 315	 394	 323	 456	 80	 599	 
2021-05-26 10:23:15	 493 	c1254 	6625 	 242 	 01110100 	 116 	 13592672 	 315	 394	 324	 456	 80	 600	 
2021-05-26 10:23:21	 737 	c1254 	6626 	 248 	 01111000 	 120 	 13660088 	 315	 394	 324	 457	 80	 600	 
2021-05-26 10:23:27	 126 	c1254 	6627 	 0 	 01110100 	 116 	 13719440 	 315	 394	 325	 457	 80	 601	 
2021-05-26 10:23:33	1018 	c1254 	6628 	 6 	 01111000 	 120 	 13792952 	 315	 394	 325	 458	 80	 601	 
2021-05-26 10:23:49	 539 	c1254 	6629 	 12 	 01110100 	 116 	 13962104 	 315	 394	 326	 458	 80	 602	 
2021-05-26 10:24:04	1078 	c1254 	6630 	 19 	 10111000 	 184 	 14129984 	 315	 394	 326	 458	 81	 602	 
2021-05-26 10:24:52	 991 	c1254 	6631 	 27 	 10110100 	 180 	 14650088 	 315	 395	 326	 458	 81	 603	 
2021-05-26 10:24:56	 555 	c1254 	6632 	 35 	 01111000 	 120 	 14689400 	 315	 395	 326	 459	 81	 603	 
2021-05-26 10:25:27	 370 	c1254 	6633 	 43 	 10110100 	 180 	 15024176 	 315	 396	 326	 459	 81	 604	 
2021-05-26 10:27:33	 856 	c1254 	6635 	 51 	 01110100 	 116 	 16396784 	 315	 396	 327	 459	 81	 605	 
2021-05-26 10:27:42	 167 	c1254 	6636 	 57 	 01111000 	 120 	 16487984 	 315	 396	 327	 460	 81	 605	 
2021-05-26 10:27:45	 616 	c1254 	6637 	 63 	 01111000 	 120 	 16524776 	 315	 396	 327	 461	 81	 605	 
2021-05-26 10:28:09	1084 	c1254 	6638 	 71 	 10110100 	 180 	 12544 	 315	 397	 327	 461	 81	 606	 
2021-05-26 10:28:15	1109 	c1254 	6639 	 77 	 01111000 	 120 	 77920 	 315	 397	 327	 462	 81	 606	 
2021-05-26 10:28:42	 615 	c1254 	6640 	 83 	 01110100 	 116 	 366400 	 315	 397	 328	 462	 81	 607	 
2021-05-26 10:28:56	 621 	c1254 	6641 	 90 	 01110100 	 116 	 518464 	 315	 397	 329	 462	 81	 608	 
2021-05-26 10:29:37	 594 	c1254 	6642 	 99 	 01110100 	 116 	 963472 	 315	 397	 330	 462	 81	 609	 
2021-05-26 10:29:47	 650 	c1254 	6643 	 105 	 01111000 	 120 	 1072600 	 315	 397	 330	 463	 81	 609	 
2021-05-26 10:30:14	 118 	c1254 	6644 	 111 	 01110100 	 116 	 1360792 	 315	 397	 331	 463	 81	 610	 
2021-05-26 10:30:33	1073 	c1254 	6645 	 118 	 01110100 	 116 	 1576192 	 315	 397	 332	 463	 81	 611	 
2021-05-26 10:30:35	   2 	c1254 	6646 	 130 	 01111000 	 120 	 1587832 	 315	 397	 332	 464	 81	 611	 
2021-05-26 10:30:46	 371 	c1254 	6647 	 138 	 01111000 	 120 	 1710808 	 315	 397	 332	 465	 81	 611	 
2021-05-26 10:31:32	  49 	c1254 	6648 	 146 	 10110100 	 180 	 2207512 	 315	 398	 332	 465	 81	 612	 
2021-05-26 10:31:39	 871 	c1254 	6649 	 152 	 01111000 	 120 	 2291320 	 315	 398	 332	 466	 81	 612	 
2021-05-26 10:32:50	1058 	c1254 	6650 	 158 	 10110100 	 180 	 3064504 	 315	 399	 332	 466	 81	 613	 
2021-05-26 10:32:58	 309 	c1254 	6651 	 164 	 10111000 	 184 	 3144376 	 315	 399	 332	 466	 82	 613	 
2021-05-26 10:33:26	 112 	c1254 	6652 	 170 	 10110100 	 180 	 3446728 	 315	 400	 332	 466	 82	 614	 
2021-05-26 10:33:36	   6 	c1254 	6653 	 178 	 01110100 	 116 	 3554392 	 315	 400	 333	 466	 82	 615	 
2021-05-26 10:34:01	 939 	c1254 	6654 	 189 	 01110100 	 116 	 3834856 	 315	 400	 334	 466	 82	 616	 
2021-05-26 10:34:06	 479 	c1254 	6655 	 195 	 01111000 	 120 	 3884872 	 315	 400	 334	 467	 82	 616	 
2021-05-26 10:34:31	 611 	c1254 	6656 	 203 	 10110100 	 180 	 4157848 	 315	 401	 334	 467	 82	 617	 
2021-05-26 10:34:37	 229 	c1254 	6657 	 209 	 10111000 	 184 	 4219456 	 315	 401	 334	 467	 83	 617	 
2021-05-26 10:35:23	 727 	c1254 	6658 	 219 	 01110100 	 116 	 4724200 	 315	 401	 335	 467	 83	 618	 
2021-05-26 10:35:37	 626 	c1254 	6659 	 228 	 01111000 	 120 	 4875424 	 315	 401	 335	 468	 83	 618	 
2021-05-26 10:36:17	 493 	c1254 	6661 	 236 	 01110100 	 116 	 5309056 	 315	 401	 336	 468	 83	 619	 
2021-05-26 10:36:48	 469 	c1254 	6662 	 247 	 01111000 	 120 	 5645920 	 315	 401	 336	 469	 83	 619	 
2021-05-26 10:36:51	 279 	c1254 	6665 	 5 	 10110100 	 180 	 5676760 	 315	 402	 336	 469	 83	 620	 
2021-05-26 10:36:56	 538 	c1254 	6666 	 13 	 01111000 	 120 	 5733568 	 315	 402	 336	 470	 83	 620	 
2021-05-26 10:37:07	 909 	c1254 	6667 	 19 	 01110100 	 116 	 5856688 	 315	 402	 337	 470	 83	 621	 
2021-05-26 10:37:12	 879 	c1254 	6668 	 25 	 01111000 	 120 	 5910784 	 315	 402	 337	 471	 83	 621	 
2021-05-26 10:39:36	 520 	c1254 	6669 	 33 	 10110100 	 180 	 7473304 	 315	 403	 337	 471	 83	 622	 
2021-05-26 10:39:40	 807 	c1254 	6670 	 43 	 10110100 	 180 	 7519504 	 315	 404	 337	 471	 83	 623	 
2021-05-26 10:39:43	  25 	c1254 	6671 	 51 	 01111000 	 120 	 7544752 	 315	 404	 337	 472	 83	 623	 
2021-05-26 10:39:47	1097 	c1254 	6673 	 61 	 10111000 	 184 	 7598368 	 315	 404	 337	 472	 84	 623	 
2021-05-26 10:40:16	 113 	c1254 	6674 	 67 	 10110100 	 180 	 7904416 	 315	 405	 337	 472	 84	 624	 
2021-05-26 10:40:23	 795 	c1254 	6675 	 73 	 01111000 	 120 	 7986976 	 315	 405	 337	 473	 84	 624	 
2021-05-26 10:40:51	1042 	c1254 	6676 	 79 	 01110100 	 116 	 8293792 	 315	 405	 338	 473	 84	 625	 
2021-05-26 10:42:11	1053 	c1254 	6678 	 88 	 01110100 	 116 	 9163840 	 315	 405	 339	 473	 84	 626	 
2021-05-26 10:42:15	 506 	c1254 	6679 	 94 	 01111000 	 120 	 9202168 	 315	 405	 339	 474	 84	 626	 
2021-05-26 10:44:37	1098 	c1254 	6680 	 100 	 10110100 	 180 	 10751896 	 315	 406	 339	 474	 84	 627	 
2021-05-26 10:44:46	 821 	c1254 	6681 	 106 	 01111000 	 120 	 10847176 	 315	 406	 339	 475	 84	 627	 
2021-05-26 10:44:50	 375 	c1254 	6682 	 112 	 01111000 	 120 	 10886464 	 315	 406	 339	 476	 84	 627	 
2021-05-26 10:45:27	 278 	c1254 	6683 	 117 	 11110100 	 244 	 11287984 	 316	 406	 339	 476	 84	 627	 
2021-05-26 10:45:36	  72 	c1254	7085 bytes to file.
Date	 Hmsec	 CounterID	 EventID	 CounterMsgID	 Status(bin)	 Status(dec)	 Timer[s/12000]	 Unclear	 Entry	 LookIn	 Exit	 LookOut	 Visits
2021-05-26 10:46:04	 940 	c1254 	6685 	 131 	 10110100 	 180 	 11696656 	 316	 407	 339	 477	 84	 628	 
2021-05-26 10:46:09	 968 	c1254 	6686 	 137 	 01110100 	 116 	 11751280 	 316	 407	 340	 477	 84	 629	 
2021-05-26 10:46:16	  36 	c1254 	6687 	 143 	 01111000 	 120 	 11818624 	 316	 407	 340	 478	 84	 629	 
2021-05-26 10:46:17	 633 	c1254 	6688 	 149 	 10111000 	 184 	 11835136 	 316	 407	 340	 478	 85	 629	 
2021-05-26 10:46:39	 743 	c1254 	6689 	 158 	 11110100 	 244 	 12075424 	 317	 407	 340	 478	 85	 629	 
2021-05-26 10:46:45	1124 	c1254 	6690 	 164 	 01111000 	 120 	 12144280 	 317	 407	 340	 479	 85	 629	 
2021-05-26 10:47:25	 643 	c1254 	6691 	 172 	 10110100 	 180 	 12574792 	 317	 408	 340	 479	 85	 630	 
2021-05-26 10:47:30	1096 	c1254 	6693 	 182 	 10111000 	 184 	 12633448 	 317	 408	 340	 479	 86	 630	 
2021-05-26 10:47:59	 868 	c1254 	6694 	 190 	 10110100 	 180 	 12946672 	 317	 409	 340	 479	 86	 631	 
2021-05-26 10:48:10	 310 	c1254 	6695 	 196 	 01111000 	 120 	 13061032 	 317	 409	 340	 480	 86	 631	 
2021-05-26 10:48:32	 624 	c1254 	6697 	 204 	 01110100 	 116 	 13303264 	 317	 409	 341	 480	 86	 632	 
2021-05-26 10:48:33	 322 	c1254 	6699 	 222 	 01110100 	 116 	 13311304 	 317	 409	 342	 480	 86	 632	 
2021-05-26 10:48:34	 476 	c1254 	6701 	 232 	 01110100 	 116 	 13323640 	 317	 409	 343	 480	 86	 632	 
2021-05-26 10:48:35	 269 	c1254 	6703 	 244 	 01110100 	 116 	 13332568 	 317	 409	 344	 480	 86	 632	 
2021-05-26 10:49:01	 367 	c1254 	6705 	 253 	 01110100 	 116 	 13616272 	 317	 409	 345	 480	 86	 633	 
2021-05-26 10:50:36	 206 	c1254 	6706 	 6 	 10110100 	 180 	 14647864 	 317	 410	 345	 480	 86	 634	 
2021-05-26 10:50:39	1054 	c1254 	6707 	 14 	 01111000 	 120 	 14688496 	 317	 410	 345	 481	 86	 634	 
2021-05-26 10:50:45	1125 	c1254 	6708 	 22 	 01111000 	 120 	 14754424 	 317	 410	 345	 482	 86	 634	 
2021-05-26 10:51:16	 988 	c1254 	6710 	 30 	 10110100 	 180 	 15090280 	 317	 411	 345	 482	 86	 635	 
2021-05-26 10:51:26	 893 	c1254 	6712 	 38 	 01111000 	 120 	 15198160 	 317	 411	 345	 483	 86	 635	 
2021-05-26 10:51:31	1146 	c1254 	6713 	 44 	 10110100 	 180 	 15254920 	 317	 412	 345	 483	 86	 636	 
2021-05-26 10:51:40	   4 	c1254 	6714 	 50 	 10111000 	 184 	 15342040 	 317	 412	 345	 483	 87	 636	 
2021-05-26 10:53:41	 938 	c1254 	6716 	 59 	 11110100 	 244 	 16666960 	 318	 412	 345	 483	 87	 636	 
2021-05-26 10:53:54	 751 	c1254 	6717 	 65 	 01111000 	 120 	 29376 	 318	 412	 345	 484	 87	 636	 
2021-05-26 10:55:58	 825 	c1254 	6720 	 75 	 01110100 	 116 	 1378848 	 318	 412	 346	 484	 87	 637	 
2021-05-26 10:55:59	 412 	c1254 	6722 	 86 	 01110100 	 116 	 1385832 	 318	 412	 347	 484	 87	 637	 
2021-05-26 10:56:00	 568 	c1254 	6724 	 98 	 01110100 	 116 	 1398192 	 318	 412	 348	 484	 87	 637	 
2021-05-26 10:56:01	 669 	c1254 	6726 	 108 	 01110100 	 116 	 1410024 	 318	 412	 349	 484	 87	 637	 
2021-05-26 10:56:30	  57 	c1254 	6727 	 115 	 10110100 	 180 	 1719648 	 318	 413	 349	 484	 87	 638	 
2021-05-26 10:56:40	 860 	c1254 	6728 	 121 	 01111000 	 120 	 1835976 	 318	 413	 349	 485	 87	 638	 
2021-05-26 10:57:37	 910 	c1254 	6729 	 129 	 01110100 	 116 	 2456472 	 318	 413	 350	 485	 87	 639	 
2021-05-26 10:57:57	 302 	c1254 	6730 	 136 	 01111000 	 120 	 2668368 	 318	 413	 350	 486	 87	 639	 
2021-05-26 11:01:01	 814 	c1254 	6731 	 146 	 10110100 	 180 	 4675584 	 318	 414	 350	 486	 87	 640	 
2021-05-26 11:01:08	 740 	c1254 	6733 	 157 	 01111000 	 120 	 4751088 	 318	 414	 350	 487	 87	 640	 
2021-05-26 11:01:10	 162 	c1254 	6734 	 163 	 01110100 	 116 	 4767408 	 318	 414	 351	 487	 87	 641	 
2021-05-26 11:01:16	 625 	c1254 	6735 	 171 	 10111000 	 184 	 4837104 	 318	 414	 351	 487	 88	 641	 
2021-05-26 11:02:24	 964 	c1254 	6736 	 178 	 01110100 	 116 	 5580408 	 318	 414	 352	 487	 88	 642	 
2021-05-26 11:02:34	 715 	c1254 	6737 	 184 	 01111000 	 120 	 5686896 	 318	 414	 352	 488	 88	 642	 
2021-05-26 11:03:31	  76 	c1254 	6738 	 190 	 10110100 	 180 	 6301440 	 318	 415	 352	 488	 88	 643	 
2021-05-26 11:03:47	 637 	c1254 	6739 	 196 	 10111000 	 184 	 6480912 	 318	 415	 352	 488	 89	 643	 
2021-05-26 11:03:49	 232 	c1254 	6740 	 203 	 11110100 	 244 	 6498864 	 319	 415	 352	 488	 89	 643	 
2021-05-26 11:04:04	 576 	c1254 	6741 	 209 	 01111000 	 120 	 6665424 	 319	 415	 352	 489	 89	 643	 
2021-05-26 11:04:27	1128 	c1254 	6742 	 215 	 10110100 	 180 	 6921024 	 319	 416	 352	 489	 89	 644	 
2021-05-26 11:04:34	 691 	c1254 	6743 	 221 	 10111000 	 184 	 6993096 	 319	 416	 352	 489	 90	 644	 
2021-05-26 11:05:17	 503 	c1254 	6745 	 231 	 01110100 	 116 	 7459440 	 319	 416	 353	 489	 90	 645	 
2021-05-26 11:05:18	 504 	c1254 	6747 	 240 	 01110100 	 116 	 7470336 	 319	 416	 354	 489	 90	 645	 
2021-05-26 11:05:19	 421 	c1254 	6749 	 251 	 01110100 	 116 	 7480440 	 319	 416	 355	 489	 90	 645	 
2021-05-26 11:05:21	 764 	c1254 	6750 	 3 	 10110100 	 180 	 7505448 	 319	 417	 355	 489	 90	 645	 
2021-05-26 11:05:33	 748 	c1254 	6751 	 10 	 11110100 	 244 	 7635912 	 320	 417	 355	 489	 90	 645	 
2021-05-26 11:05:38	 133 	c1254 	6752 	 18 	 01111000 	 120 	 7684536 	 320	 417	 355	 490	 90	 645	 
2021-05-26 11:06:21	 279 	c1254 	6753 	 28 	 10110100 	 180 	 8154000 	 320	 418	 355	 490	 90	 646	 
2021-05-26 11:06:27	  76 	c1254 	6754 	 34 	 01111000 	 120 	 8217408 	 320	 418	 355	 491	 90	 646	 
2021-05-26 11:07:08	 750 	c1254 	6755 	 40 	 01110100 	 116 	 8670120 	 320	 418	 356	 491	 90	 647	 
2021-05-26 11:07:13	 896 	c1254 	6756 	 46 	 01111000 	 120 	 8725920 	 320	 418	 356	 492	 90	 647	 
2021-05-26 11:07:18	 382 	c1254 	6757 	 54 	 10111000 	 184 	 8775504 	 320	 418	 356	 492	 91	 647	 
2021-05-26 11:08:03	1005 	c1254 	6758 	 62 	 01110100 	 116 	 9271368 	 320	 418	 357	 492	 91	 648	 
2021-05-26 11:08:11	 383 	c1254 	6759 	 68 	 01111000 	 120 	 9352608 	 320	 418	 357	 493	 91	 648	 
2021-05-26 11:08:42	  61 	c1254 	6760 	 76 	 01110100 	 116 	 9687168 	 320	 418	 358	 493	 91	 649	 
2021-05-26 11:08:49	 353 	c1254 	6761 	 84 	 01111000 	 120 	 9766152 	 320	 418	 358	 494	 91	 649	 
2021-05-26 11:09:26	1027 	c1254 	6762 	 92 	 01110100 	 116 	 10175520 	 320	 418	 359	 494	 91	 650	 
2021-05-26 11:09:32	 355 	c1254 	6763 	 98 	 01111000 	 120 	 10234512 	 320	 418	 359	 495	 91	 650	 
2021-05-26 11:09:53	 390 	c1254 	6764 	 104 	 01110100 	 116 	 10463616 	 320	 418	 360	 495	 91	 651	 
2021-05-26 11:09:58	 418 	c1254 	6765 	 112 	 10110100 	 180 	 10518360 	 320	 419	 360	 495	 91	 651	 
2021-05-26 11:10:01	 316 	c1254 	6766 	 118 	 01111000 	 120 	 10550088 	 320	 419	 360	 496	 91	 651	 
2021-05-26 11:10:09	 955 	c1254 	6767 	 124 	 01111000 	 120 	 10643256 	 320	 419	 360	 497	 91	 651	 
2021-05-26 11:10:18	  43 	c1254	6790 bytes to file.
Date	 Hmsec	 CounterID	 EventID	 CounterMsgID	 Status(bin)	 Status(dec)	 Timer[s/12000]	 Unclear	 Entry	 LookIn	 Exit	 LookOut	 Visits
2021-05-26 11:11:07	 327 	c1254 	6768 	 134 	 01110100 	 116 	 11269320 	 320	 419	 361	 497	 91	 652	 
2021-05-26 11:11:18	 776 	c1254 	6769 	 140 	 01111000 	 120 	 11393448 	 320	 419	 361	 498	 91	 652	 
2021-05-26 11:11:41	 305 	c1254 	6771 	 148 	 01110100 	 116 	 11639616 	 320	 419	 362	 498	 91	 653	 
2021-05-26 11:11:44	 455 	c1254 	6772 	 154 	 10110100 	 180 	 11673720 	 320	 420	 362	 498	 91	 653	 
2021-05-26 11:11:46	 917 	c1254 	6773 	 160 	 01111000 	 120 	 11699880 	 320	 420	 362	 499	 91	 653	 
2021-05-26 11:11:56	1152 	c1254 	6774 	 170 	 01111000 	 120 	 11811096 	 320	 420	 362	 500	 91	 653	 
2021-05-26 11:12:23	 664 	c1254 	6775 	 178 	 01110100 	 116 	 12100800 	 320	 420	 363	 500	 91	 654	 
2021-05-26 11:12:37	 398 	c1254 	6776 	 188 	 11110100 	 244 	 12250920 	 321	 420	 363	 500	 91	 654	 
2021-05-26 11:12:51	 690 	c1254 	6777 	 194 	 01111000 	 120 	 12406296 	 321	 420	 363	 501	 91	 654	 
2021-05-26 11:12:56	1118 	c1254 	6778 	 199 	 11111000 	 248 	 12464856 	 322	 420	 363	 501	 91	 654	 
2021-05-26 11:13:43	 120 	c1254 	6779 	 207 	 01110100 	 116 	 12967776 	 322	 420	 364	 501	 91	 655	 
2021-05-26 11:13:52	1144 	c1254 	6781 	 215 	 01111000 	 120 	 13075560 	 322	 420	 364	 502	 91	 655	 
2021-05-26 11:13:53	1028 	c1254 	6782 	 221 	 10110100 	 180 	 13085376 	 322	 421	 364	 502	 91	 656	 
2021-05-26 11:13:58	 466 	c1254 	6783 	 229 	 01111000 	 120 	 13134576 	 322	 421	 364	 503	 91	 656	 
2021-05-26 11:14:39	 502 	c1254 	6785 	 237 	 10110100 	 180 	 13581936 	 322	 422	 364	 503	 91	 657	 
2021-05-26 11:14:43	 525 	c1254 	6786 	 243 	 01111000 	 120 	 13625760 	 322	 422	 364	 504	 91	 657	 
2021-05-26 11:15:43	 540 	c1254 	6787 	 252 	 10110100 	 180 	 14280216 	 322	 423	 364	 504	 91	 658	 
2021-05-26 11:15:46	 123 	c1254 	6788 	 2 	 10110100 	 180 	 14308992 	 322	 424	 364	 504	 91	 659	 
2021-05-26 11:15:54	 460 	c1254 	6789 	 8 	 01111000 	 120 	 14399448 	 322	 424	 364	 505	 91	 659	 
2021-05-26 11:15:56	 816 	c1254 	6790 	 18 	 01111000 	 120 	 14424624 	 322	 424	 364	 506	 91	 659	 
2021-05-26 11:16:29	1088 	c1254 	6792 	 26 	 01110100 	 116 	 14787000 	 322	 424	 365	 506	 91	 660	 
2021-05-26 11:16:37	 427 	c1254 	6793 	 32 	 01111000 	 120 	 14868024 	 322	 424	 365	 507	 91	 660	 
2021-05-26 11:17:32	 401 	c1254 	6795 	 40 	 01110100 	 116 	 15467760 	 322	 424	 366	 507	 91	 661	 
2021-05-26 11:17:39	 955 	c1254 	6796 	 46 	 01111000 	 120 	 15549360 	 322	 424	 366	 508	 91	 661	 
2021-05-26 11:17:58	 418 	c1254 	6797 	 52 	 10110100 	 180 	 15751560 	 322	 425	 366	 508	 91	 662	 
2021-05-26 11:18:06	1077 	c1254 	6798 	 60 	 01111000 	 120 	 15845064 	 322	 425	 366	 509	 91	 662	 
2021-05-26 11:18:31	 995 	c1254 	6799 	 70 	 01110100 	 116 	 16117008 	 322	 425	 367	 509	 91	 663	 
2021-05-26 11:18:50	 247 	c1254 	6801 	 79 	 01111000 	 120 	 16317216 	 322	 425	 367	 510	 91	 663	 
2021-05-26 11:27:05	 761 	c1254 	6802 	 87 	 10110100 	 180 	 4944992 	 322	 426	 367	 510	 91	 664	 
2021-05-26 11:27:19	 874 	c1254 	6803 	 100 	 01111100 	 124 	 5098760 	 323	 426	 367	 510	 91	 664	 
2021-05-26 11:28:37	 634 	c1254 	6804 	 110 	 10110100 	 180 	 5947184 	 323	 427	 367	 510	 91	 665	 
2021-05-26 11:28:48	 493 	c1254 	6805 	 116 	 01111000 	 120 	 6065840 	 323	 427	 367	 511	 91	 665	 
2021-05-26 11:36:01	 328 	c1254 	6806 	 122 	 10110100 	 180 	 10787936 	 323	 428	 367	 511	 91	 666	 
2021-05-26 11:39:42	 833 	c1254 	6807 	 129 	 01110100 	 116 	 13203464 	 323	 428	 368	 511	 91	 667	 
2021-05-26 11:39:52	 401 	c1254 	6808 	 139 	 01111000 	 120 	 13308488 	 323	 428	 368	 512	 91	 667	 
2021-05-26 11:39:54	1088 	c1254 	6809 	 147 	 01111000 	 120 	 13336808 	 323	 428	 368	 513	 91	 667	 
2021-05-26 11:40:45	 186 	c1254 	6811 	 155 	 10110100 	 180 	 13884608 	 323	 429	 368	 513	 91	 668	 
2021-05-26 11:40:53	 398 	c1254 	6812 	 163 	 01111000 	 120 	 13973864 	 323	 429	 368	 514	 91	 668	 
2021-05-26 11:41:35	 306 	c1254 	6813 	 172 	 01110100 	 116 	 14431184 	 323	 429	 369	 514	 91	 669	 
2021-05-26 11:41:53	 855 	c1254 	6814 	 179 	 01110100 	 116 	 14632712 	 323	 429	 370	 514	 91	 670	 
2021-05-26 11:42:07	 873 	c1254 	6815 	 186 	 10110100 	 180 	 14785616 	 323	 430	 370	 514	 91	 671	 
2021-05-26 11:42:18	1100 	c1254 	6816 	 196 	 10111000 	 184 	 14907752 	 323	 430	 370	 514	 92	 671	 
2021-05-26 11:46:20	 111 	c1254 	6817 	 206 	 10110100 	 180 	 761080 	 323	 431	 370	 514	 92	 672	 
2021-05-26 11:46:26	 559 	c1254 	6819 	 217 	 01111000 	 120 	 830776 	 323	 431	 370	 515	 92	 672	 
2021-05-26 11:46:29	 284 	c1254 	6821 	 225 	 01110100 	 116 	 860896 	 323	 431	 371	 515	 92	 673	 
2021-05-26 11:47:51	 671 	c1254 	6822 	 234 	 01110100 	 116 	 1759096 	 323	 431	 372	 515	 92	 674	 
2021-05-26 11:47:53	 974 	c1254 	6823 	 240 	 01110100 	 116 	 1783792 	 323	 431	 373	 515	 92	 674	 
2021-05-26 11:48:00	 339 	c1254 	6825 	 249 	 11111000 	 248 	 1854160 	 324	 431	 373	 515	 92	 674	 
2021-05-26 11:50:24	 817 	c1254 	6826 	 1 	 01110100 	 116 	 3429616 	 324	 431	 374	 515	 92	 675	 
2021-05-26 11:50:34	 118 	c1254 	6827 	 9 	 01111000 	 120 	 3532120 	 324	 431	 374	 516	 92	 675	 
2021-05-26 11:51:41	  72 	c1254 	6828 	 19 	 10110100 	 180 	 4262752 	 324	 432	 374	 516	 92	 676	 
2021-05-26 11:53:02	 161 	c1254 	6829 	 29 	 01110100 	 116 	 5147632 	 324	 432	 375	 516	 92	 677	 
2021-05-26 11:53:11	 865 	c1254 	6830 	 35 	 01111000 	 120 	 5252536 	 324	 432	 375	 517	 92	 677	 
2021-05-26 11:53:32	 695 	c1254 	6832 	 45 	 01111000 	 120 	 5480152 	 324	 432	 375	 518	 92	 677	 
2021-05-26 11:54:11	 587 	c1254 	6834 	 53 	 01110100 	 116 	 5904880 	 324	 432	 376	 518	 92	 678	 
2021-05-26 11:54:23	  79 	c1254 	6835 	 60 	 01111000 	 120 	 6031072 	 324	 432	 376	 519	 92	 678	 
2021-05-26 11:55:28	 855 	c1254 	6836 	 66 	 10110100 	 180 	 6748048 	 324	 433	 376	 519	 92	 679	 
2021-05-26 11:55:40	 887 	c1254 	6837 	 72 	 01111000 	 120 	 6879376 	 324	 433	 376	 520	 92	 679	 
2021-05-26 11:56:48	1113 	c1254 	6838 	 78 	 10110100 	 180 	 7624024 	 324	 434	 376	 520	 92	 680	 
2021-05-26 11:56:59	 207 	c1254 	6839 	 86 	 01111000 	 120 	 7735600 	 324	 434	 376	 521	 92	 680	 
2021-05-26 11:57:48	  91 	c1254 	6840 	 95 	 10110100 	 180 	 8269600 	 324	 435	 376	 521	 92	 681	 
2021-05-26 11:57:55	 955 	c1254 	6841 	 101 	 01111000 	 120 	 8354224 	 324	 435	 376	 522	 92	 681	 
2021-05-26 11:58:25	 731 	c1254 	6842 	 109 	 10110100 	 180 	 8679640 	 324	 436	 376	 522	 92	 682	 
2021-05-26 11:58:36	 858 	c1254 	6843 	 115 	 01111000 	 120 	 8800960 	 324	 436	 376	 523	 92	 682	 
2021-05-26 11:58:57	1091 	c1254 	6844 	 121 	 01110100 	 116 	 9032512 	 324	 436	 377	 523	 92	 683	 
2021-05-26 11:59:12	 444 	c1254 	6846 	 130 	 01111000 	 120 	 9190216 	 324	 436	 377	 524	 92	 683	 
2021-05-26 11:59:21	 109 	c1254	6899 bytes to file.
