Date 	Hmsec 	CounterID 	EventID 	Batt 	Light 	T1 	T2 	TC 	Batt(mV) 	Wgt(g/10) 	CoreTemp(C) 	Version 	1903281141 
2021-05-21 12:10:42	  63 	c1254 	5855 	 3276	  258	    0	    0	 1513	6398	000	021
2021-05-21 12:20:42	  63 	c1254 	5855 	 3276	  224	    0	    0	 1514	6398	000	021
2021-05-21 12:30:42	  63 	c1254 	5855 	 3277	  114	    0	    0	 1516	6400	000	021
2021-05-21 12:40:42	  63 	c1254 	5855 	 3277	  279	    0	    0	 1516	6400	000	021
2021-05-21 12:50:42	  63 	c1254 	5855 	 3276	  189	    0	    0	 1516	6398	000	021
2021-05-21 13:00:42	  63 	c1254 	5855 	 3277	  182	    0	    0	 1517	6400	000	021
2021-05-21 13:10:42	  63 	c1254 	5855 	 3277	  184	    0	    0	 1516	6400	000	021
2021-05-21 13:20:42	  63 	c1254 	5855 	 3277	  174	    0	    0	 1517	6400	000	021
2021-05-21 13:30:42	  63 	c1254 	5855 	 3277	  217	    0	    0	 1517	6400	000	021
2021-05-21 13:40:42	  63 	c1254 	5855 	 3277	  235	    0	    0	 1517	6400	000	021
2021-05-21 13:50:42	  63 	c1254 	5855 	 3276	  282	    0	    0	 1517	6398	000	021
2021-05-21 14:00:42	  63 	c1254 	5855 	 3276	  254	    0	    0	 1517	6398	000	021
2021-05-21 14:10:42	  63 	c1254 	5855 	 3276	  308	    0	    0	 1516	6398	000	021
2021-05-21 14:20:42	  63 	c1254 	5855 	 3277	  435	    0	    0	 1515	6400	000	021
2021-05-21 14:30:42	  63 	c1254 	5855 	 3277	  443	    0	    0	 1516	6400	000	021
2021-05-21 14:40:42	  63 	c1254 	5855 	 3277	  334	    0	    0	 1516	6400	000	021
2021-05-21 14:50:42	  63 	c1254 	5855 	 3277	  325	    0	    0	 1515	6400	000	021
2021-05-21 15:00:42	  63 	c1254 	5855 	 3277	  108	    0	    0	 1516	6400	000	021
2021-05-21 15:10:42	  63 	c1254 	5855 	 3277	  144	    0	    0	 1516	6400	000	021
2021-05-21 15:20:42	  63 	c1254 	5855 	 3277	  126	    0	    0	 1515	6400	000	021
2021-05-21 15:30:42	  63 	c1254 	5855 	 3277	  120	    0	    0	 1514	6400	000	021
2021-05-21 15:40:42	  63 	c1254 	5855 	 3276	  105	    0	    0	 1514	6398	000	021
2021-05-21 15:50:42	  63 	c1254 	5855 	 3277	  119	    0	    0	 1514	6400	000	021
2021-05-21 16:00:42	  63 	c1254 	5855 	 3276	  137	    0	    0	 1514	6398	000	021
2021-05-21 16:10:42	  63 	c1254 	5855 	 3276	  132	    0	    0	 1514	6398	000	021
2021-05-21 16:20:42	  63 	c1254 	5855 	 3276	  145	    0	    0	 1513	6398	000	021
2021-05-21 16:30:42	  63 	c1254 	5855 	 3276	  117	    0	    0	 1512	6398	000	020
2021-05-21 16:40:42	  63 	c1254 	5855 	 3276	  127	    0	    0	 1513	6398	000	021
2021-05-21 16:50:42	  63 	c1254 	5855 	 3276	  131	    0	    0	 1513	6398	000	021
2021-05-21 17:00:42	  63 	c1254 	5855 	 3276	  139	    0	    0	 1513	6398	000	021
2021-05-21 17:10:42	  63 	c1254 	5855 	 3276	  122	    0	    0	 1511	6398	000	020
2021-05-21 17:20:42	  63 	c1254 	5855 	 3276	  106	    0	    0	 1512	6398	000	020
2021-05-21 17:30:42	  63 	c1254 	5855 	 3276	  122	    0	    0	 1510	6398	000	020
2021-05-21 17:40:42	  63 	c1254 	5855 	 3276	  142	    0	    0	 1511	6398	000	020
2021-05-21 17:50:42	  63 	c1254 	5855 	 3276	  115	    0	    0	 1511	6398	000	020
2021-05-21 18:00:42	  63 	c1254 	5855 	 3276	   66	    0	    0	 1511	6398	000	020
2021-05-21 18:10:42	  63 	c1254 	5855 	 3276	   61	    0	    0	 1512	6398	000	020
2021-05-21 18:20:42	  63 	c1254 	5855 	 3276	   63	    0	    0	 1511	6398	000	020
2021-05-21 18:30:42	  63 	c1254 	5855 	 3276	   60	    0	    0	 1511	6398	000	020
2021-05-21 18:40:42	  63 	c1254 	5855 	 3276	   50	    0	    0	 1511	6398	000	020
2021-05-21 18:50:42	  63 	c1254 	5855 	 3276	   46	    0	    0	 1510	6398	000	020
2021-05-21 19:00:42	  63 	c1254 	5855 	 3276	   44	    0	    0	 1511	6398	000	020
2021-05-21 19:10:42	  63 	c1254 	5855 	 3275	   49	    0	    0	 1511	6396	000	020
2021-05-21 19:20:42	  63 	c1254 	5855 	 3276	   42	    0	    0	 1512	6398	000	020
2021-05-21 19:30:42	  63 	c1254 	5855 	 3275	   38	    0	    0	 1512	6396	000	020
2021-05-21 19:40:42	  63 	c1254 	5855 	 3275	   37	    0	    0	 1512	6396	000	020
2021-05-21 19:50:42	  63 	c1254 	5855 	 3275	   36	    0	    0	 1511	6396	000	020
2021-05-21 20:00:42	  63 	c1254 	5855 	 3275	   36	    0	    0	 1512	6396	000	020
2021-05-21 20:10:42	  63 	c1254 	5855 	 3275	   35	    0	    0	 1513	6396	000	021
2021-05-21 20:20:42	  63 	c1254 	5855 	 3275	   34	    0	    0	 1512	6396	000	020
2021-05-21 20:30:42	  63 	c1254 	5855 	 3275	   33	    0	    0	 1512	6396	000	020
2021-05-21 20:30:43	 650 	c1254						 3607 bytes to file.
Date 	Hmsec 	CounterID 	EventID 	Batt 	Light 	T1 	T2 	TC 	Batt(mV) 	Wgt(g/10) 	CoreTemp(C) 	Version 	1903281141 
2021-05-21 20:40:42	  63 	c1254 	5855 	 3275	   31	    0	    0	 1512	6396	000	020
2021-05-21 20:50:42	  63 	c1254 	5855 	 3275	   30	    0	    0	 1513	6396	000	021
2021-05-21 21:00:42	  63 	c1254 	5855 	 3275	   30	    0	    0	 1513	6396	000	021
2021-05-21 21:10:42	  63 	c1254 	5855 	 3275	   29	    0	    0	 1512	6396	000	020
2021-05-21 21:20:42	  63 	c1254 	5855 	 3275	   29	    0	    0	 1513	6396	000	021
2021-05-21 21:30:42	  63 	c1254 	5855 	 3275	   29	    0	    0	 1513	6396	000	021
2021-05-21 21:40:42	  63 	c1254 	5855 	 3275	   29	    0	    0	 1512	6396	000	020
2021-05-21 21:50:42	  63 	c1254 	5855 	 3275	   27	    0	    0	 1513	6396	000	021
2021-05-21 22:00:42	  63 	c1254 	5855 	 3275	   28	    0	    0	 1513	6396	000	021
2021-05-21 22:10:42	  63 	c1254 	5855 	 3275	   12	    0	    0	 1511	6396	000	020
2021-05-21 22:20:42	  63 	c1254 	5855 	 3275	   12	    0	    0	 1512	6396	000	020
2021-05-21 22:30:42	  63 	c1254 	5855 	 3275	   28	    0	    0	 1512	6396	000	020
2021-05-21 22:40:42	  63 	c1254 	5855 	 3275	   28	    0	    0	 1512	6396	000	020
2021-05-21 22:50:42	  63 	c1254 	5855 	 3275	   28	    0	    0	 1512	6396	000	020
2021-05-21 23:00:42	  63 	c1254 	5855 	 3275	   27	    0	    0	 1512	6396	000	020
2021-05-21 23:10:42	  63 	c1254 	5855 	 3275	   27	    0	    0	 1512	6396	000	020
2021-05-21 23:20:42	  63 	c1254 	5855 	 3275	   27	    0	    0	 1511	6396	000	020
2021-05-21 23:30:42	  63 	c1254 	5855 	 3275	   11	    0	    0	 1512	6396	000	020
2021-05-21 23:40:42	  63 	c1254 	5855 	 3275	   11	    0	    0	 1511	6396	000	020
2021-05-21 23:50:42	  63 	c1254 	5855 	 3274	   11	    0	    0	 1511	6394	000	020
2021-05-22 00:00:42	  63 	c1254 	5855 	 3275	   11	    0	    0	 1512	6396	000	020
2021-05-22 00:10:42	  63 	c1254 	5855 	 3274	   11	    0	    0	 1510	6394	000	020
2021-05-22 00:20:42	  63 	c1254 	5855 	 3274	   11	    0	    0	 1510	6394	000	020
2021-05-22 00:30:42	  63 	c1254 	5855 	 3275	   11	    0	    0	 1510	6396	000	020
2021-05-22 00:40:42	  63 	c1254 	5855 	 3274	   11	    0	    0	 1511	6394	000	020
2021-05-22 00:50:42	  63 	c1254 	5855 	 3274	   11	    0	    0	 1511	6394	000	020
2021-05-22 01:00:42	  63 	c1254 	5855 	 3274	   10	    0	    0	 1510	6394	000	020
2021-05-22 01:10:42	  63 	c1254 	5855 	 3274	   11	    0	    0	 1510	6394	000	020
2021-05-22 01:20:42	  63 	c1254 	5855 	 3274	   11	    0	    0	 1510	6394	000	020
2021-05-22 01:30:42	  63 	c1254 	5855 	 3274	   11	    0	    0	 1510	6394	000	020
2021-05-22 01:40:42	  63 	c1254 	5855 	 3274	   10	    0	    0	 1508	6394	000	020
2021-05-22 01:50:42	  63 	c1254 	5855 	 3274	   11	    0	    0	 1509	6394	000	020
2021-05-22 02:00:42	  63 	c1254 	5855 	 3274	   11	    0	    0	 1508	6394	000	020
2021-05-22 02:10:42	  63 	c1254 	5855 	 3273	   11	    0	    0	 1508	6392	000	020
2021-05-22 02:20:42	  63 	c1254 	5855 	 3273	   11	    0	    0	 1508	6392	000	020
2021-05-22 02:30:42	  63 	c1254 	5855 	 3273	   11	    0	    0	 1508	6392	000	020
2021-05-22 02:40:42	  63 	c1254 	5855 	 3273	   10	    0	    0	 1507	6392	000	019
2021-05-22 02:50:42	  63 	c1254 	5855 	 3273	   11	    0	    0	 1508	6392	000	020
2021-05-22 03:00:42	  63 	c1254 	5855 	 3273	   11	    0	    0	 1507	6392	000	019
2021-05-22 03:10:42	  63 	c1254 	5855 	 3273	   11	    0	    0	 1506	6392	000	019
2021-05-22 03:20:42	  63 	c1254 	5855 	 3273	   10	    0	    0	 1508	6392	000	020
2021-05-22 03:30:42	  63 	c1254 	5855 	 3273	   10	    0	    0	 1506	6392	000	019
2021-05-22 03:40:42	  63 	c1254 	5855 	 3273	   10	    0	    0	 1506	6392	000	019
2021-05-22 03:50:42	  63 	c1254 	5855 	 3273	   10	    0	    0	 1506	6392	000	019
2021-05-22 04:00:42	  63 	c1254 	5855 	 3273	   10	    0	    0	 1507	6392	000	019
2021-05-22 04:10:42	  63 	c1254 	5855 	 3273	   11	    0	    0	 1507	6392	000	019
2021-05-22 04:20:42	  63 	c1254 	5855 	 3273	   13	    0	    0	 1507	6392	000	019
2021-05-22 04:30:42	  63 	c1254 	5855 	 3273	   24	    0	    0	 1507	6392	000	019
2021-05-22 04:40:42	  63 	c1254 	5855 	 3273	   28	    0	    0	 1507	6392	000	019
2021-05-22 04:50:42	  63 	c1254 	5855 	 3273	   29	    0	    0	 1508	6392	000	020
2021-05-22 05:00:42	  63 	c1254 	5855 	 3273	   29	    0	    0	 1507	6392	000	019
2021-05-22 05:00:43	 854 	c1254						 3607 bytes to file.
Date 	Hmsec 	CounterID 	EventID 	Batt 	Light 	T1 	T2 	TC 	Batt(mV) 	Wgt(g/10) 	CoreTemp(C) 	Version 	1903281141 
2021-05-22 05:10:42	  63 	c1254 	5855 	 3273	   30	    0	    0	 1508	6392	000	020
2021-05-22 05:20:42	  63 	c1254 	5855 	 3273	   29	    0	    0	 1508	6392	000	020
2021-05-22 05:30:42	  63 	c1254 	5855 	 3272	   30	    0	    0	 1507	6390	000	019
2021-05-22 05:40:42	  63 	c1254 	5855 	 3273	   31	    0	    0	 1509	6392	000	020
2021-05-22 05:50:42	  63 	c1254 	5855 	 3272	   31	    0	    0	 1509	6390	000	020
2021-05-22 06:00:42	  63 	c1254 	5855 	 3272	   33	    0	    0	 1507	6390	000	019
2021-05-22 06:10:42	  63 	c1254 	5855 	 3272	   34	    0	    0	 1507	6390	000	019
2021-05-22 06:20:42	  63 	c1254 	5855 	 3272	   34	    0	    0	 1508	6390	000	020
2021-05-22 06:30:42	  63 	c1254 	5855 	 3272	   36	    0	    0	 1508	6390	000	020
2021-05-22 06:40:42	  63 	c1254 	5855 	 3273	   38	    0	    0	 1507	6392	000	019
2021-05-22 06:50:42	  63 	c1254 	5855 	 3272	   35	    0	    0	 1506	6390	000	019
2021-05-22 07:00:42	  63 	c1254 	5855 	 3272	   34	    0	    0	 1507	6390	000	019
2021-05-22 07:10:42	  63 	c1254 	5855 	 3272	   41	    0	    0	 1508	6390	000	020
2021-05-22 07:20:42	  63 	c1254 	5855 	 3272	   39	    0	    0	 1508	6390	000	020
2021-05-22 07:30:42	  63 	c1254 	5855 	 3272	   41	    0	    0	 1509	6390	000	020
2021-05-22 07:40:42	  63 	c1254 	5855 	 3272	   41	    0	    0	 1508	6390	000	020
2021-05-22 07:50:42	  63 	c1254 	5855 	 3272	   39	    0	    0	 1509	6390	000	020
2021-05-22 08:00:42	  63 	c1254 	5855 	 3272	   43	    0	    0	 1509	6390	000	020
2021-05-22 08:10:42	  63 	c1254 	5855 	 3272	   60	    0	    0	 1511	6390	000	020
2021-05-22 08:20:42	  63 	c1254 	5855 	 3272	   50	    0	    0	 1509	6390	000	020
2021-05-22 08:30:42	  63 	c1254 	5855 	 3271	   51	    0	    0	 1511	6388	000	020
2021-05-22 08:40:42	  63 	c1254 	5855 	 3272	   45	    0	    0	 1509	6390	000	020
2021-05-22 08:50:42	  63 	c1254 	5855 	 3272	   42	    0	    0	 1510	6390	000	020
2021-05-22 09:00:42	  63 	c1254 	5855 	 3271	   49	    0	    0	 1510	6388	000	020
2021-05-22 09:10:42	  63 	c1254 	5855 	 3272	   52	    0	    0	 1511	6390	000	020
2021-05-22 09:20:42	  63 	c1254 	5855 	 3271	   44	    0	    0	 1512	6388	000	020
2021-05-22 09:30:42	  63 	c1254 	5855 	 3272	   44	    0	    0	 1510	6390	000	020
2021-05-22 09:40:42	  63 	c1254 	5855 	 3272	  115	    0	    0	 1511	6390	000	020
2021-05-22 09:50:42	  63 	c1254 	5855 	 3272	  196	    0	    0	 1511	6390	000	020
2021-05-22 10:00:42	  63 	c1254 	5855 	 3272	  134	    0	    0	 1511	6390	000	020
2021-05-22 10:10:42	  63 	c1254 	5855 	 3271	  186	    0	    0	 1510	6388	000	020
2021-05-22 10:20:42	  63 	c1254 	5855 	 3271	  111	    0	    0	 1510	6388	000	020
2021-05-22 10:30:42	  63 	c1254 	5855 	 3271	  154	    0	    0	 1510	6388	000	020
2021-05-22 10:40:42	  63 	c1254 	5855 	 3272	   94	    0	    0	 1510	6390	000	020
2021-05-22 10:50:42	  63 	c1254 	5855 	 3272	   76	    0	    0	 1511	6390	000	020
2021-05-22 11:00:42	  63 	c1254 	5855 	 3271	  130	    0	    0	 1509	6388	000	020
2021-05-22 11:10:42	  63 	c1254 	5855 	 3271	  147	    0	    0	 1508	6388	000	020
2021-05-22 11:20:42	  63 	c1254 	5855 	 3271	  101	    0	    0	 1509	6388	000	020
2021-05-22 11:30:42	  63 	c1254 	5855 	 3272	  109	    0	    0	 1510	6390	000	020
2021-05-22 11:40:42	  63 	c1254 	5855 	 3271	   93	    0	    0	 1509	6388	000	020
2021-05-22 11:50:42	  63 	c1254 	5855 	 3271	   76	    0	    0	 1509	6388	000	020
2021-05-22 12:00:42	  63 	c1254 	5855 	 3271	   75	    0	    0	 1509	6388	000	020
2021-05-22 12:10:42	  63 	c1254 	5855 	 3271	   78	    0	    0	 1508	6388	000	020
2021-05-22 12:20:42	  63 	c1254 	5855 	 3271	   77	    0	    0	 1508	6388	000	020
2021-05-22 12:30:42	  63 	c1254 	5855 	 3271	   90	    0	    0	 1508	6388	000	020
2021-05-22 12:40:42	  63 	c1254 	5855 	 3270	  132	    0	    0	 1509	6386	000	020
2021-05-22 12:50:42	  63 	c1254 	5855 	 3270	  136	    0	    0	 1507	6386	000	019
2021-05-22 13:00:42	  63 	c1254 	5855 	 3271	  116	    0	    0	 1509	6388	000	020
2021-05-22 13:10:42	  63 	c1254 	5855 	 3270	   97	    0	    0	 1509	6386	000	020
2021-05-22 13:20:42	  63 	c1254 	5855 	 3271	  147	    0	    0	 1509	6388	000	020
2021-05-22 13:30:42	  63 	c1254 	5855 	 3270	  167	    0	    0	 1510	6386	000	020
2021-05-22 13:30:43	 797 	c1254						 3607 bytes to file.
Date 	Hmsec 	CounterID 	EventID 	Batt 	Light 	T1 	T2 	TC 	Batt(mV) 	Wgt(g/10) 	CoreTemp(C) 	Version 	1903281141 
2021-05-22 13:40:42	  63 	c1254 	5855 	 3271	  176	    0	    0	 1511	6388	000	020
2021-05-22 13:50:42	  63 	c1254 	5855 	 3270	  183	    0	    0	 1510	6386	000	020
2021-05-22 14:00:42	  63 	c1254 	5855 	 3271	  124	    0	    0	 1512	6388	000	020
2021-05-22 14:10:42	  63 	c1254 	5855 	 3271	  102	    0	    0	 1511	6388	000	020
2021-05-22 14:20:42	  63 	c1254 	5855 	 3270	   88	    0	    0	 1511	6386	000	020
2021-05-22 14:30:42	  63 	c1254 	5855 	 3270	   77	    0	    0	 1512	6386	000	020
2021-05-22 14:40:42	  63 	c1254 	5855 	 3271	  134	    0	    0	 1511	6388	000	020
2021-05-22 14:50:42	  63 	c1254 	5855 	 3271	  115	    0	    0	 1511	6388	000	020
2021-05-22 15:00:42	  63 	c1254 	5855 	 3270	  122	    0	    0	 1512	6386	000	020
2021-05-22 15:10:42	  63 	c1254 	5855 	 3271	  106	    0	    0	 1512	6388	000	020
2021-05-22 15:20:42	  63 	c1254 	5855 	 3271	  179	    0	    0	 1512	6388	000	020
2021-05-22 15:30:42	  63 	c1254 	5855 	 3270	  226	    0	    0	 1513	6386	000	021
2021-05-22 15:40:42	  63 	c1254 	5855 	 3271	  220	    0	    0	 1513	6388	000	021
2021-05-22 15:50:42	  63 	c1254 	5855 	 3270	  157	    0	    0	 1513	6386	000	021
2021-05-22 16:00:42	  63 	c1254 	5855 	 3271	  140	    0	    0	 1514	6388	000	021
2021-05-22 16:10:42	  63 	c1254 	5855 	 3270	  127	    0	    0	 1514	6386	000	021
2021-05-22 16:20:42	  63 	c1254 	5855 	 3271	  112	    0	    0	 1514	6388	000	021
2021-05-22 16:30:42	  63 	c1254 	5855 	 3270	  137	    0	    0	 1514	6386	000	021
2021-05-22 16:40:42	  63 	c1254 	5855 	 3271	  127	    0	    0	 1514	6388	000	021
2021-05-22 16:50:42	  63 	c1254 	5855 	 3270	  182	    0	    0	 1513	6386	000	021
2021-05-22 17:00:42	  63 	c1254 	5855 	 3271	  135	    0	    0	 1514	6388	000	021
2021-05-22 17:10:42	  63 	c1254 	5855 	 3270	   93	    0	    0	 1514	6386	000	021
2021-05-22 17:20:42	  63 	c1254 	5855 	 3270	   90	    0	    0	 1513	6386	000	021
2021-05-22 17:30:42	  63 	c1254 	5855 	 3271	   65	    0	    0	 1514	6388	000	021
2021-05-22 17:40:42	  63 	c1254 	5855 	 3271	   89	    0	    0	 1514	6388	000	021
2021-05-22 17:50:42	  63 	c1254 	5855 	 3270	   98	    0	    0	 1514	6386	000	021
2021-05-22 18:00:42	  63 	c1254 	5855 	 3270	   94	    0	    0	 1514	6386	000	021
2021-05-22 18:10:42	  63 	c1254 	5855 	 3270	   82	    0	    0	 1513	6386	000	021
2021-05-22 18:20:42	  63 	c1254 	5855 	 3270	   76	    0	    0	 1512	6386	000	020
2021-05-22 18:30:42	  63 	c1254 	5855 	 3271	   94	    0	    0	 1513	6388	000	021
2021-05-22 18:40:42	  63 	c1254 	5855 	 3270	   97	    0	    0	 1514	6386	000	021
2021-05-22 18:50:42	  63 	c1254 	5855 	 3270	   73	    0	    0	 1514	6386	000	021
2021-05-22 19:00:42	  63 	c1254 	5855 	 3270	   76	    0	    0	 1514	6386	000	021
2021-05-22 19:10:42	  63 	c1254 	5855 	 3270	   56	    0	    0	 1513	6386	000	021
2021-05-22 19:20:42	  63 	c1254 	5855 	 3270	   43	    0	    0	 1514	6386	000	021
2021-05-22 19:30:42	  63 	c1254 	5855 	 3270	   49	    0	    0	 1514	6386	000	021
2021-05-22 19:40:42	  63 	c1254 	5855 	 3270	   28	    0	    0	 1514	6386	000	021
2021-05-22 19:50:42	  63 	c1254 	5855 	 3270	   28	    0	    0	 1515	6386	000	021
2021-05-22 20:00:42	  63 	c1254 	5855 	 3270	   28	    0	    0	 1514	6386	000	021
2021-05-22 20:10:42	  63 	c1254 	5855 	 3270	   28	    0	    0	 1514	6386	000	021
2021-05-22 20:20:42	  63 	c1254 	5855 	 3270	   28	    0	    0	 1514	6386	000	021
2021-05-22 20:30:42	  63 	c1254 	5855 	 3270	   28	    0	    0	 1514	6386	000	021
2021-05-22 20:40:42	  63 	c1254 	5855 	 3270	   28	    0	    0	 1513	6386	000	021
2021-05-22 20:50:42	  63 	c1254 	5855 	 3270	   28	    0	    0	 1514	6386	000	021
2021-05-22 21:00:42	  63 	c1254 	5855 	 3270	   28	    0	    0	 1513	6386	000	021
2021-05-22 21:10:42	  63 	c1254 	5855 	 3270	   28	    0	    0	 1512	6386	000	020
2021-05-22 21:20:42	  63 	c1254 	5855 	 3270	   28	    0	    0	 1513	6386	000	021
2021-05-22 21:30:42	  63 	c1254 	5855 	 3270	   28	    0	    0	 1512	6386	000	020
2021-05-22 21:40:42	  63 	c1254 	5855 	 3270	   28	    0	    0	 1512	6386	000	020
2021-05-22 21:50:42	  63 	c1254 	5855 	 3270	   28	    0	    0	 1513	6386	000	021
2021-05-22 22:00:42	  63 	c1254 	5855 	 3270	   28	    0	    0	 1511	6386	000	020
2021-05-22 22:00:43	 824 	c1254						 3607 bytes to file.
Date 	Hmsec 	CounterID 	EventID 	Batt 	Light 	T1 	T2 	TC 	Batt(mV) 	Wgt(g/10) 	CoreTemp(C) 	Version 	1903281141 
2021-05-22 22:10:42	  63 	c1254 	5855 	 3270	   28	    0	    0	 1511	6386	000	020
2021-05-22 22:20:42	  63 	c1254 	5855 	 3269	   28	    0	    0	 1510	6384	000	020
2021-05-22 22:30:42	  63 	c1254 	5855 	 3269	   28	    0	    0	 1511	6384	000	020
2021-05-22 22:40:42	  63 	c1254 	5855 	 3270	   28	    0	    0	 1510	6386	000	020
2021-05-22 22:50:42	  63 	c1254 	5855 	 3269	   28	    0	    0	 1510	6384	000	020
2021-05-22 23:00:42	  63 	c1254 	5855 	 3269	   27	    0	    0	 1509	6384	000	020
2021-05-22 23:10:42	  63 	c1254 	5855 	 3269	   28	    0	    0	 1510	6384	000	020
2021-05-22 23:20:42	  63 	c1254 	5855 	 3269	   28	    0	    0	 1509	6384	000	020
2021-05-22 23:30:42	  63 	c1254 	5855 	 3269	   28	    0	    0	 1509	6384	000	020
2021-05-22 23:40:42	  63 	c1254 	5855 	 3269	   28	    0	    0	 1508	6384	000	020
2021-05-22 23:50:42	  63 	c1254 	5855 	 3269	   28	    0	    0	 1508	6384	000	020
2021-05-23 00:00:42	  63 	c1254 	5855 	 3269	   28	    0	    0	 1508	6384	000	020
2021-05-23 00:10:42	  63 	c1254 	5855 	 3269	   28	    0	    0	 1508	6384	000	020
2021-05-23 00:20:42	  63 	c1254 	5855 	 3269	   28	    0	    0	 1508	6384	000	020
2021-05-23 00:30:42	  63 	c1254 	5855 	 3269	   27	    0	    0	 1507	6384	000	019
2021-05-23 00:40:42	  63 	c1254 	5855 	 3269	   28	    0	    0	 1508	6384	000	020
2021-05-23 00:50:42	  63 	c1254 	5855 	 3269	   28	    0	    0	 1507	6384	000	019
2021-05-23 01:00:42	  63 	c1254 	5855 	 3269	   27	    0	    0	 1506	6384	000	019
2021-05-23 01:10:42	  63 	c1254 	5855 	 3269	   27	    0	    0	 1506	6384	000	019
2021-05-23 01:20:42	  63 	c1254 	5855 	 3268	   27	    0	    0	 1506	6382	000	019
2021-05-23 01:30:42	  63 	c1254 	5855 	 3268	   28	    0	    0	 1505	6382	000	019
2021-05-23 01:40:42	  63 	c1254 	5855 	 3268	   27	    0	    0	 1506	6382	000	019
2021-05-23 01:50:42	  63 	c1254 	5855 	 3268	   27	    0	    0	 1505	6382	000	019
2021-05-23 02:00:42	  63 	c1254 	5855 	 3268	   27	    0	    0	 1505	6382	000	019
2021-05-23 02:10:42	  63 	c1254 	5855 	 3268	   28	    0	    0	 1505	6382	000	019
2021-05-23 02:20:42	  63 	c1254 	5855 	 3268	   27	    0	    0	 1505	6382	000	019
2021-05-23 02:30:42	  63 	c1254 	5855 	 3268	   27	    0	    0	 1505	6382	000	019
2021-05-23 02:40:42	  63 	c1254 	5855 	 3268	   27	    0	    0	 1504	6382	000	019
2021-05-23 02:50:42	  63 	c1254 	5855 	 3268	   27	    0	    0	 1504	6382	000	019
2021-05-23 03:00:42	  63 	c1254 	5855 	 3268	   27	    0	    0	 1503	6382	000	019
2021-05-23 03:10:42	  63 	c1254 	5855 	 3268	   27	    0	    0	 1504	6382	000	019
2021-05-23 03:20:42	  63 	c1254 	5855 	 3268	   27	    0	    0	 1503	6382	000	019
2021-05-23 03:30:42	  63 	c1254 	5855 	 3267	   27	    0	    0	 1504	6380	000	019
2021-05-23 03:40:42	  63 	c1254 	5855 	 3267	   27	    0	    0	 1502	6380	000	018
2021-05-23 03:50:42	  63 	c1254 	5855 	 3267	   27	    0	    0	 1502	6380	000	018
2021-05-23 04:00:42	  63 	c1254 	5855 	 3267	   27	    0	    0	 1502	6380	000	018
2021-05-23 04:10:42	  63 	c1254 	5855 	 3267	   27	    0	    0	 1502	6380	000	018
2021-05-23 04:20:42	  63 	c1254 	5855 	 3267	   27	    0	    0	 1502	6380	000	018
2021-05-23 04:30:42	  63 	c1254 	5855 	 3266	   27	    0	    0	 1501	6378	000	018
2021-05-23 04:40:42	  63 	c1254 	5855 	 3266	   27	    0	    0	 1501	6378	000	018
2021-05-23 04:50:42	  63 	c1254 	5855 	 3266	   27	    0	    0	 1502	6378	000	018
2021-05-23 05:00:42	  63 	c1254 	5855 	 3266	   27	    0	    0	 1501	6378	000	018
2021-05-23 05:10:42	  63 	c1254 	5855 	 3266	   27	    0	    0	 1502	6378	000	018
2021-05-23 05:20:42	  63 	c1254 	5855 	 3266	   27	    0	    0	 1501	6378	000	018
2021-05-23 05:30:42	  63 	c1254 	5855 	 3266	   27	    0	    0	 1501	6378	000	018
2021-05-23 05:40:42	  63 	c1254 	5855 	 3265	   27	    0	    0	 1500	6376	000	018
2021-05-23 05:50:42	  63 	c1254 	5855 	 3265	   27	    0	    0	 1500	6376	000	018
2021-05-23 06:00:42	  63 	c1254 	5855 	 3265	   27	    0	    0	 1500	6376	000	018
2021-05-23 06:10:42	  63 	c1254 	5855 	 3266	   27	    0	    0	 1498	6378	000	018
2021-05-23 06:20:42	  63 	c1254 	5855 	 3266	   27	    0	    0	 1499	6378	000	018
2021-05-23 06:30:42	  63 	c1254 	5855 	 3265	   27	    0	    0	 1499	6376	000	018
2021-05-23 06:30:43	 836 	c1254						 3607 bytes to file.
Date 	Hmsec 	CounterID 	EventID 	Batt 	Light 	T1 	T2 	TC 	Batt(mV) 	Wgt(g/10) 	CoreTemp(C) 	Version 	1903281141 
2021-05-23 06:40:42	  63 	c1254 	5855 	 3265	   27	    0	    0	 1499	6376	000	018
2021-05-23 06:50:42	  63 	c1254 	5855 	 3265	   27	    0	    0	 1498	6376	000	018
2021-05-23 07:00:42	  63 	c1254 	5855 	 3265	   32	    0	    0	 1499	6376	000	018
2021-05-23 07:10:42	  63 	c1254 	5855 	 3265	   27	    0	    0	 1498	6376	000	018
2021-05-23 07:20:42	  63 	c1254 	5855 	 3265	   26	    0	    0	 1499	6376	000	018
2021-05-23 07:30:42	  63 	c1254 	5855 	 3265	   41	    0	    0	 1497	6376	000	017
2021-05-23 07:40:42	  63 	c1254 	5855 	 3264	   36	    0	    0	 1497	6375	000	017
2021-05-23 07:50:42	  63 	c1254 	5858 	 3265	 3958	    0	    0	 1496	6376	000	017
2021-05-23 08:00:42	  63 	c1254 	5859 	 3265	 3982	    0	    0	 1492	6376	000	016
2021-05-23 08:10:42	  63 	c1254 	5860 	 3264	 3944	    0	    0	 1489	6375	000	016
2021-05-23 08:20:42	  63 	c1254 	5876 	 3264	 3856	    0	    0	 1485	6375	000	015
2021-05-23 08:30:42	  63 	c1254 	5884 	 3264	 3835	    0	    0	 1482	6375	000	014
2021-05-23 08:40:42	  63 	c1254 	5892 	 3263	 3854	    0	    0	 1480	6373	000	014
2021-05-23 08:50:42	  63 	c1254 	5901 	 3263	 3819	    0	    0	 1478	6373	000	014
2021-05-23 09:00:42	  63 	c1254 	5902 	 3263	 3862	    0	    0	 1476	6373	000	013
2021-05-23 09:10:42	  63 	c1254 	5905 	 3262	 3800	    0	    0	 1476	6371	000	013
2021-05-23 09:20:42	  63 	c1254 	5906 	 3262	 3127	    0	    0	 1474	6371	000	013
2021-05-23 09:30:42	  63 	c1254 	5910 	 3261	   35	    0	    0	 1474	6369	000	013
2021-05-23 09:40:42	  63 	c1254 	5910 	 3260	   46	    0	    0	 1473	6367	000	013
2021-05-23 09:50:42	  63 	c1254 	5914 	 3260	   29	    0	    0	 1474	6367	000	013
2021-05-23 10:00:42	  63 	c1254 	5914 	 3259	   28	    0	    0	 1475	6365	000	013
2021-05-23 10:10:42	  63 	c1254 	5914 	 3259	   43	    0	    0	 1475	6365	000	013
2021-05-23 10:20:42	  63 	c1254 	5915 	 3259	   38	    0	    0	 1475	6365	000	013
2021-05-23 10:30:42	  63 	c1254 	5915 	 3259	   29	    0	    0	 1475	6365	000	013
2021-05-23 10:40:42	  63 	c1254 	5915 	 3259	   30	    0	    0	 1475	6365	000	013
2021-05-23 10:50:42	  63 	c1254 	5915 	 3259	   28	    0	    0	 1474	6365	000	013
2021-05-23 11:00:42	  63 	c1254 	5922 	 3259	 3928	    0	    0	 1475	6365	000	013
2021-05-23 11:10:42	  63 	c1254 	5925 	 3259	 3785	    0	    0	 1481	6365	000	014
2021-05-23 11:20:42	  63 	c1254 	5926 	 3259	 3865	    0	    0	 1481	6365	000	014
2021-05-23 11:30:42	  63 	c1254 	5932 	 3259	 3889	    0	    0	 1481	6365	000	014
2021-05-23 11:35:26	 634 	c1254						 2179 bytes to file.
Date 	Hmsec 	CounterID 	EventID 	Batt 	Light 	T1 	T2 	TC 	Batt(mV) 	Wgt(g/10) 	CoreTemp(C) 	Version 	1903281141 
2021-05-23 11:40:47	  63 	c1254 	5944 	 3259	 1677	    0	    0	 1481	6365	000	014
2021-05-23 11:50:47	  63 	c1254 	5954 	 3259	 2615	    0	    0	 1479	6365	000	014
2021-05-23 12:00:47	  63 	c1254 	5963 	 3259	 3831	    0	    0	 1478	6365	000	014
2021-05-23 12:10:47	  63 	c1254 	5975 	 3258	 2900	    0	    0	 1479	6363	000	014
2021-05-23 12:20:47	  63 	c1254 	5977 	 3258	  641	    0	    0	 1480	6363	000	014
2021-05-23 12:30:47	  63 	c1254 	5977 	 3258	 1413	    0	    0	 1480	6363	000	014
2021-05-23 12:40:47	  63 	c1254 	5977 	 3258	 3543	    0	    0	 1480	6363	000	014
2021-05-23 12:50:47	  63 	c1254 	5977 	 3258	 3078	    0	    0	 1479	6363	000	014
2021-05-23 13:00:47	  63 	c1254 	5980 	 3258	 3938	    0	    0	 1482	6363	000	014
2021-05-23 13:10:47	  63 	c1254 	5980 	 3258	 3890	    0	    0	 1482	6363	000	014
2021-05-23 13:20:47	  63 	c1254 	5981 	 3258	 3842	    0	    0	 1481	6363	000	014
2021-05-23 13:30:47	  63 	c1254 	5981 	 3258	 3845	    0	    0	 1479	6363	000	014
2021-05-23 13:40:47	  63 	c1254 	5981 	 3258	 3947	    0	    0	 1480	6363	000	014
2021-05-23 13:50:47	  63 	c1254 	5992 	 3258	 3959	    0	    0	 1483	6363	000	015
2021-05-23 14:00:47	  63 	c1254 	5992 	 3258	 3904	    0	    0	 1483	6363	000	015
2021-05-23 14:10:47	  63 	c1254 	5999 	 3257	 3029	    0	    0	 1483	6361	000	015
2021-05-23 14:20:47	  63 	c1254 	6003 	 3257	   46	    0	    0	 1480	6361	000	014
2021-05-23 14:30:47	  63 	c1254 	6003 	 3257	   32	    0	    0	 1479	6361	000	014
2021-05-23 14:40:47	  63 	c1254 	6003 	 3256	   32	    0	    0	 1480	6359	000	014
2021-05-23 14:50:47	  63 	c1254 	6003 	 3256	    8	    0	    0	 1479	6359	000	014
2021-05-23 15:00:47	  63 	c1254 	6003 	 3256	    8	    0	    0	 1479	6359	000	014
2021-05-23 15:10:47	  63 	c1254 	6003 	 3256	   24	    0	    0	 1479	6359	000	014
2021-05-23 15:20:47	  63 	c1254 	6003 	 3256	   25	    0	    0	 1480	6359	000	014
2021-05-23 15:30:47	  63 	c1254 	6003 	 3256	   25	    0	    0	 1482	6359	000	014
2021-05-23 15:40:47	  63 	c1254 	6003 	 3256	   26	    0	    0	 1482	6359	000	014
2021-05-23 15:50:47	  63 	c1254 	6003 	 3256	   26	    0	    0	 1483	6359	000	015
2021-05-23 16:00:47	  63 	c1254 	6003 	 3256	   26	    0	    0	 1482	6359	000	014
2021-05-23 16:10:47	  63 	c1254 	6003 	 3256	   26	    0	    0	 1484	6359	000	015
2021-05-23 16:20:47	  63 	c1254 	6003 	 3256	   26	    0	    0	 1484	6359	000	015
2021-05-23 16:30:47	  63 	c1254 	6003 	 3256	   27	    0	    0	 1486	6359	000	015
2021-05-23 16:40:47	  63 	c1254 	6003 	 3255	   28	    0	    0	 1486	6357	000	015
2021-05-23 16:50:47	  63 	c1254 	6003 	 3255	   28	    0	    0	 1486	6357	000	015
2021-05-23 17:00:47	  63 	c1254 	6004 	 3256	  129	    0	    0	 1490	6359	000	016
2021-05-23 17:10:47	  63 	c1254 	6004 	 3256	  178	    0	    0	 1491	6359	000	016
2021-05-23 17:12:43	 643 	c1254						 2451 bytes to file.
