Date	 Hmsec	 CounterID	 EventID	 CounterMsgID	 Status(bin)	 Status(dec)	 Timer[s/12000]	 Unclear	 Entry	 LookIn	 Exit	 LookOut	 Visits
2019-05-06 14:44:23	 350 	c1254 	938 	 197 	 10101000 	 168 	 11939080 	 297	 95	 109	 153	 35	 191	 
2019-05-06 15:18:19	  63 	c1254 	939 	 201 	 10101000 	 168 	 1031936 	 298	 95	 109	 153	 35	 191	 
2019-05-06 15:18:22	 598 	c1254 	940 	 205 	 10101000 	 168 	 1070504 	 299	 95	 109	 153	 35	 191	 
2019-05-06 15:18:30	 983 	c1254 	941 	 209 	 10101000 	 168 	 1163360 	 300	 95	 109	 153	 35	 191	 
2019-05-06 15:19:02	 778 	c1254 	942 	 213 	 10101000 	 168 	 1518080 	 301	 95	 109	 153	 35	 191	 
2019-05-06 15:29:03	1129 	c1254 	943 	 217 	 10101000 	 168 	 8220416 	 302	 95	 109	 153	 35	 191	 
2019-05-06 15:29:06	 117 	c1254 	944 	 221 	 10101000 	 168 	 8244152 	 303	 95	 109	 153	 35	 191	 
2019-05-06 23:06:21	 989 	c1254	862 bytes to file.
Date	 Hmsec	 CounterID	 EventID	 CounterMsgID	 Status(bin)	 Status(dec)	 Timer[s/12000]	 Unclear	 Entry	 LookIn	 Exit	 LookOut	 Visits
2019-05-07 07:36:21	 779 	c1254	161 bytes to file.
Date	 Hmsec	 CounterID	 EventID	 CounterMsgID	 Status(bin)	 Status(dec)	 Timer[s/12000]	 Unclear	 Entry	 LookIn	 Exit	 LookOut	 Visits
2019-05-07 08:02:10	 470 	c1254 	945 	 225 	 10101000 	 168 	 2912216 	 304	 95	 109	 153	 35	 191	 
2019-05-07 08:02:32	 419 	c1254 	946 	 229 	 10101000 	 168 	 3147464 	 305	 95	 109	 153	 35	 191	 
2019-05-07 08:06:51	 520 	c1254 	947 	 233 	 10101000 	 168 	 5923832 	 306	 95	 109	 153	 35	 191	 
2019-05-07 09:57:41	 538 	c1254 	948 	 237 	 10101000 	 168 	 10368904 	 307	 95	 109	 153	 35	 191	 
2019-05-07 10:14:10	 522 	c1254 	949 	 241 	 10101000 	 168 	 4277424 	 308	 95	 109	 153	 35	 191	 
2019-05-07 10:14:21	 295 	c1254 	950 	 245 	 10101000 	 168 	 4394232 	 309	 95	 109	 153	 35	 191	 
2019-05-07 10:21:30	 308 	c1254 	951 	 249 	 10101000 	 168 	 9036648 	 310	 95	 109	 153	 35	 191	 
2019-05-07 10:29:47	 219 	c1254 	952 	 255 	 10111000 	 184 	 14425368 	 310	 95	 109	 153	 36	 191	 
2019-05-07 10:30:10	 889 	c1254 	953 	 5 	 01110100 	 116 	 14681376 	 310	 95	 110	 153	 36	 192	 
2019-05-07 10:53:29	   0 	c1254 	955 	 14 	 10111000 	 184 	 13148312 	 310	 95	 110	 153	 37	 192	 
2019-05-07 10:53:35	 382 	c1254 	956 	 20 	 10110100 	 180 	 13217504 	 310	 96	 110	 153	 37	 193	 
2019-05-07 10:53:49	 986 	c1254 	957 	 32 	 01111000 	 120 	 13376240 	 310	 96	 110	 154	 37	 193	 
2019-05-07 10:54:52	 448 	c1254 	959 	 40 	 10110100 	 180 	 14059688 	 310	 97	 110	 154	 37	 194	 
2019-05-07 10:55:05	 449 	c1254 	962 	 50 	 01111000 	 120 	 14201792 	 310	 97	 110	 155	 37	 194	 
2019-05-07 11:00:41	 325 	c1254 	965 	 62 	 01110100 	 116 	 1097776 	 310	 97	 111	 155	 37	 195	 
2019-05-07 11:00:52	1107 	c1254 	968 	 77 	 10111000 	 184 	 1225528 	 310	 97	 111	 155	 38	 195	 
2019-05-07 11:00:54	 547 	c1254 	970 	 86 	 01111000 	 120 	 1242112 	 310	 97	 111	 156	 38	 195	 
2019-05-07 11:02:33	1142 	c1254 	971 	 94 	 01110100 	 116 	 2330968 	 310	 97	 112	 156	 38	 196	 
2019-05-07 11:02:37	 344 	c1254 	972 	 100 	 10110100 	 180 	 2367184 	 310	 98	 112	 156	 38	 196	 
2019-05-07 11:02:47	 219 	c1254 	976 	 116 	 01111000 	 120 	 2475400 	 310	 98	 112	 157	 38	 196	 
2019-05-07 11:04:03	 465 	c1254 	977 	 124 	 01110100 	 116 	 3309496 	 310	 98	 113	 157	 38	 197	 
2019-05-07 11:04:08	 506 	c1254 	978 	 128 	 10101000 	 168 	 3364624 	 311	 98	 113	 157	 38	 197	 
2019-05-07 11:04:14	 702 	c1254 	982 	 141 	 01111000 	 120 	 3432160 	 311	 98	 113	 158	 38	 197	 
2019-05-07 11:06:32	 793 	c1254 	983 	 151 	 10110100 	 180 	 4943776 	 311	 99	 113	 158	 38	 198	 
2019-05-07 11:06:42	1145 	c1254 	984 	 157 	 01111000 	 120 	 5056600 	 311	 99	 113	 159	 38	 198	 
2019-05-07 11:07:44	 468 	c1254 	985 	 163 	 01110100 	 116 	 5728936 	 311	 99	 114	 159	 38	 199	 
2019-05-07 11:08:04	 976 	c1254 	986 	 170 	 01110100 	 116 	 5952736 	 311	 99	 115	 159	 38	 200	 
2019-05-07 11:08:17	 232 	c1254 	987 	 179 	 01110100 	 116 	 6088024 	 311	 99	 116	 159	 38	 201	 
2019-05-07 11:08:20	 287 	c1254 	989 	 186 	 10110100 	 180 	 6121408 	 311	 100	 116	 159	 38	 201	 
2019-05-07 11:08:34	 857 	c1254 	990 	 192 	 01111000 	 120 	 6280096 	 311	 100	 116	 160	 38	 201	 
2019-05-07 11:08:50	 134 	c1254 	991 	 198 	 10110100 	 180 	 6448408 	 311	 101	 116	 160	 38	 202	 
2019-05-07 11:09:04	1134 	c1254 	992 	 205 	 11111000 	 248 	 6611128 	 312	 101	 116	 160	 38	 202	 
2019-05-07 11:13:53	 362 	c1254 	993 	 211 	 01110100 	 116 	 9768736 	 312	 101	 117	 160	 38	 203	 
2019-05-07 11:13:55	 401 	c1254 	994 	 219 	 10110100 	 180 	 9791008 	 312	 102	 117	 160	 38	 203	 
2019-05-07 11:14:19	 232 	c1254 	996 	 232 	 11111000 	 248 	 10052320 	 313	 102	 117	 160	 38	 203	 
2019-05-07 11:14:24	 607 	c1254 	997 	 238 	 10110100 	 180 	 10110664 	 313	 103	 117	 160	 38	 204	 
2019-05-07 11:14:41	 520 	c1254 	998 	 244 	 01111000 	 120 	 10296112 	 313	 103	 117	 161	 38	 204	 
2019-05-07 11:14:44	 710 	c1254 	1000 	 252 	 01110100 	 116 	 10330792 	 313	 103	 118	 161	 38	 205	 
2019-05-07 11:14:46	 537 	c1254 	1001 	 2 	 10110100 	 180 	 10351072 	 313	 104	 118	 161	 38	 205	 
2019-05-07 11:14:57	 787 	c1254 	1002 	 6 	 10101000 	 168 	 10473976 	 314	 104	 118	 161	 38	 205	 
2019-05-07 11:14:59	 345 	c1254 	1003 	 16 	 11111000 	 248 	 10491712 	 315	 104	 118	 161	 38	 205	 
2019-05-07 11:16:17	 113 	c1254 	1005 	 26 	 10110100 	 180 	 11344048 	 315	 105	 118	 161	 38	 206	 
2019-05-07 11:16:47	 958 	c1254 	1006 	 34 	 01111000 	 120 	 11680744 	 315	 105	 118	 162	 38	 206	 
2019-05-07 11:16:51	 247 	c1254 	1007 	 40 	 10110100 	 180 	 11717848 	 315	 106	 118	 162	 38	 207	 
2019-05-07 11:17:13	  58 	c1254 	1009 	 48 	 01111000 	 120 	 11957080 	 315	 106	 118	 163	 38	 207	 
2019-05-07 11:17:51	 790 	c1254 	1013 	 61 	 10110100 	 180 	 12380416 	 315	 107	 118	 163	 38	 208	 
2019-05-07 11:18:17	 335 	c1254 	1015 	 75 	 10111000 	 184 	 12661072 	 315	 107	 118	 163	 39	 208	 
2019-05-07 11:18:58	 748 	c1254 	1017 	 87 	 01110100 	 116 	 13114264 	 315	 107	 119	 163	 39	 209	 
2019-05-07 11:19:00	 461 	c1254 	1018 	 101 	 10110100 	 180 	 13133464 	 315	 108	 119	 163	 39	 209	 
2019-05-07 11:19:23	 617 	c1254 	1019 	 112 	 11111000 	 248 	 13387000 	 316	 108	 119	 163	 39	 209	 
2019-05-07 11:35:15	  32 	c1254 	1021 	 123 	 10110100 	 180 	 7038336 	 316	 109	 119	 163	 39	 210	 
2019-05-07 11:35:30	 445 	c1254 	1022 	 129 	 01111000 	 120 	 7206864 	 316	 109	 119	 164	 39	 210	 
2019-05-07 11:35:35	 927 	c1254 	1023 	 138 	 10110100 	 180 	 7266312 	 316	 110	 119	 164	 39	 211	 
2019-05-07 11:36:00	1013 	c1254 	1024 	 144 	 10111000 	 184 	 7541472 	 316	 110	 119	 164	 40	 211	 
2019-05-07 11:36:02	 672 	c1254 	1025 	 149 	 11111000 	 248 	 7560192 	 317	 110	 119	 164	 40	 211	 
2019-05-07 11:36:15	 381 	c1254 	1027 	 159 	 10110100 	 180 	 7700064 	 317	 111	 119	 164	 40	 212	 
2019-05-07 11:36:37	 660 	c1254 	1028 	 167 	 01111000 	 120 	 7944096 	 317	 111	 119	 165	 40	 212	 
2019-05-07 11:36:39	 946 	c1254 	1029 	 177 	 10110100 	 180 	 7968768 	 317	 112	 119	 165	 40	 213	 
2019-05-07 11:36:46	 415 	c1254 	1030 	 193 	 01111000 	 120 	 8040552 	 317	 112	 119	 166	 40	 213	 
2019-05-07 11:37:05	 934 	c1254 	1031 	 201 	 10110100 	 180 	 8253984 	 317	 113	 119	 166	 40	 214	 
2019-05-07 11:37:18	 404 	c1254 	1032 	 207 	 10111000 	 184 	 8391624 	 317	 113	 119	 166	 41	 214	 
2019-05-07 11:38:15	 262 	c1254 	1034 	 217 	 01110100 	 116 	 9015840 	 317	 113	 120	 166	 41	 215	 
2019-05-07 11:38:15	1051 	c1254 	1036 	 225 	 01010100 	 84 	 9023328 	 318	 113	 120	 166	 41	 215	 
2019-05-07 11:38:18	  49 	c1254 	1037 	 233 	 01010100 	 84 	 9046752 	 319	 113	 120	 166	 41	 215	 
2019-05-07 11:38:27	 187 	c1254	6623 bytes to file.
Date	 Hmsec	 CounterID	 EventID	 CounterMsgID	 Status(bin)	 Status(dec)	 Timer[s/12000]	 Unclear	 Entry	 LookIn	 Exit	 LookOut	 Visits
2019-05-07 11:38:31	 685 	c1254 	1038 	 244 	 01111000 	 120 	 9195480 	 319	 113	 120	 167	 41	 215	 
2019-05-07 11:38:34	 440 	c1254 	1039 	 250 	 01110100 	 116 	 9226104 	 319	 113	 121	 167	 41	 216	 
2019-05-07 11:38:52	 965 	c1254 	1041 	 5 	 10111000 	 184 	 9428664 	 319	 113	 121	 167	 42	 216	 
2019-05-07 11:45:44	 448 	c1254 	1042 	 14 	 01110100 	 116 	 13951800 	 319	 113	 122	 167	 42	 217	 
2019-05-07 11:45:54	 975 	c1254 	1043 	 24 	 01111000 	 120 	 14066832 	 319	 113	 122	 168	 42	 217	 
2019-05-07 11:45:56	 938 	c1254 	1044 	 28 	 01010100 	 84 	 14088480 	 320	 113	 122	 168	 42	 217	 
2019-05-07 11:45:57	 987 	c1254 	1045 	 36 	 10110100 	 180 	 14099952 	 320	 114	 122	 168	 42	 218	 
2019-05-07 11:46:00	1055 	c1254 	1046 	 44 	 10110100 	 180 	 14133600 	 320	 115	 122	 168	 42	 219	 
2019-05-07 11:47:34	 327 	c1254 	1047 	 53 	 10110100 	 180 	 15160968 	 320	 116	 122	 168	 42	 220	 
2019-05-07 11:47:35	 462 	c1254 	1048 	 57 	 01010100 	 84 	 15173256 	 321	 116	 122	 168	 42	 220	 
2019-05-07 11:48:09	 264 	c1254 	1049 	 72 	 01111000 	 120 	 15545568 	 321	 116	 122	 169	 42	 220	 
2019-05-07 11:49:56	  71 	c1254 	1051 	 82 	 10110100 	 180 	 16721640 	 321	 117	 122	 169	 42	 221	 
2019-05-07 11:50:06	 204 	c1254 	1053 	 90 	 01111000 	 120 	 55808 	 321	 117	 122	 170	 42	 221	 
2019-05-07 11:50:26	1068 	c1254 	1054 	 99 	 10110100 	 180 	 284288 	 321	 118	 122	 170	 42	 222	 
2019-05-07 11:50:39	 916 	c1254 	1055 	 107 	 01111000 	 120 	 426008 	 321	 118	 122	 171	 42	 222	 
2019-05-07 11:52:57	1106 	c1254 	1058 	 119 	 10110100 	 180 	 1948064 	 321	 119	 122	 171	 42	 223	 
2019-05-07 11:55:02	 721 	c1254 	1059 	 128 	 11111000 	 248 	 3321512 	 322	 119	 122	 171	 42	 223	 
2019-05-07 11:55:14	1056 	c1254 	1060 	 139 	 10110100 	 180 	 3456920 	 322	 120	 122	 171	 42	 224	 
2019-05-07 11:55:34	 414 	c1254 	1061 	 145 	 01111000 	 120 	 3671168 	 322	 120	 122	 172	 42	 224	 
2019-05-07 11:59:11	 513 	c1254 	1062 	 153 	 10110100 	 180 	 6063344 	 322	 121	 122	 172	 42	 225	 
2019-05-07 11:59:26	 497 	c1254 	1063 	 163 	 10111000 	 184 	 6228536 	 322	 121	 122	 172	 43	 225	 
2019-05-07 12:01:44	 675 	c1254 	1064 	 169 	 10110100 	 180 	 7751264 	 322	 122	 122	 172	 43	 226	 
2019-05-07 12:01:59	 210 	c1254 	1065 	 175 	 01111000 	 120 	 7912160 	 322	 122	 122	 173	 43	 226	 
2019-05-07 12:03:25	 505 	c1254 	1066 	 188 	 10110100 	 180 	 8862680 	 322	 123	 122	 173	 43	 227	 
2019-05-07 12:03:38	 308 	c1254 	1067 	 193 	 11111000 	 248 	 9004064 	 323	 123	 122	 173	 43	 227	 
2019-05-07 12:05:57	 828 	c1254 	1068 	 203 	 10110100 	 180 	 10540520 	 323	 124	 122	 173	 43	 228	 
2019-05-07 12:06:16	 520 	c1254 	1069 	 209 	 01111000 	 120 	 10746896 	 323	 124	 122	 174	 43	 228	 
2019-05-07 12:09:33	 644 	c1254 	1070 	 215 	 10110100 	 180 	 12917576 	 323	 125	 122	 174	 43	 229	 
2019-05-07 12:09:46	 558 	c1254 	1071 	 221 	 01111000 	 120 	 13059872 	 323	 125	 122	 175	 43	 229	 
2019-05-07 12:11:40	 257 	c1254 	1072 	 229 	 10110100 	 180 	 14311616 	 323	 126	 122	 175	 43	 230	 
2019-05-07 12:11:43	 440 	c1254 	1073 	 233 	 10101000 	 168 	 14346368 	 324	 126	 122	 175	 43	 230	 
2019-05-07 12:11:44	1063 	c1254 	1074 	 237 	 01010100 	 84 	 14363288 	 325	 126	 122	 175	 43	 230	 
2019-05-07 12:11:54	 120 	c1254 	1075 	 245 	 10111000 	 184 	 14464376 	 325	 126	 122	 175	 44	 230	 
2019-05-07 12:11:57	 230 	c1254 	1076 	 1 	 01111000 	 120 	 14498432 	 325	 126	 122	 176	 44	 230	 
2019-05-07 12:14:37	 947 	c1254 	1078 	 9 	 10110100 	 180 	 16264544 	 325	 127	 122	 176	 44	 231	 
2019-05-07 12:14:56	1034 	c1254 	1079 	 23 	 01111000 	 120 	 16474280 	 325	 127	 122	 177	 44	 231	 
2019-05-07 12:15:43	 404 	c1254 	1082 	 35 	 10110100 	 180 	 207904 	 325	 128	 122	 177	 44	 232	 
2019-05-07 12:16:20	 786 	c1254 	1083 	 45 	 01111000 	 120 	 618304 	 325	 128	 122	 178	 44	 232	 
2019-05-07 12:17:18	 372 	c1254 	1084 	 53 	 10110100 	 180 	 1252120 	 325	 129	 122	 178	 44	 233	 
2019-05-07 12:18:03	1107 	c1254 	1086 	 64 	 01110100 	 116 	 1753984 	 325	 129	 123	 178	 44	 234	 
2019-05-07 12:18:04	 836 	c1254 	1087 	 72 	 10110100 	 180 	 1762408 	 325	 130	 123	 178	 44	 234	 
2019-05-07 12:18:07	1109 	c1254 	1088 	 80 	 01111000 	 120 	 1797976 	 325	 130	 123	 179	 44	 234	 
2019-05-07 12:18:10	 274 	c1254 	1089 	 88 	 10111000 	 184 	 1823056 	 325	 130	 123	 179	 45	 234	 
2019-05-07 12:18:44	1146 	c1254 	1090 	 97 	 10110100 	 180 	 2205256 	 325	 131	 123	 179	 45	 235	 
2019-05-07 12:19:07	 133 	c1254 	1091 	 103 	 01111000 	 120 	 2448640 	 325	 131	 123	 180	 45	 235	 
2019-05-07 12:19:15	1062 	c1254 	1093 	 113 	 01110100 	 116 	 2545456 	 325	 131	 124	 180	 45	 236	 
2019-05-07 12:19:26	 192 	c1254 	1095 	 125 	 01111000 	 120 	 2658208 	 325	 131	 124	 181	 45	 236	 
2019-05-07 12:19:52	 556 	c1254 	1096 	 133 	 10110100 	 180 	 2947624 	 325	 132	 124	 181	 45	 237	 
2019-05-07 12:20:03	 789 	c1254 	1098 	 145 	 01111000 	 120 	 3070816 	 325	 132	 124	 182	 45	 237	 
2019-05-07 12:20:46	 369 	c1254 	1099 	 151 	 10110100 	 180 	 3539800 	 325	 133	 124	 182	 45	 238	 
2019-05-07 12:20:57	 237 	c1254 	1100 	 168 	 01111000 	 120 	 3659512 	 325	 133	 124	 183	 45	 238	 
2019-05-07 12:21:32	 968 	c1254 	1102 	 180 	 10110100 	 180 	 4051408 	 325	 134	 124	 183	 45	 239	 
2019-05-07 12:21:46	 728 	c1254 	1104 	 192 	 01111000 	 120 	 4203112 	 325	 134	 124	 184	 45	 239	 
2019-05-07 12:23:28	1154 	c1254 	1105 	 200 	 10110100 	 180 	 5329168 	 325	 135	 124	 184	 45	 240	 
2019-05-07 12:23:43	 158 	c1254 	1106 	 206 	 01111000 	 120 	 5484736 	 325	 135	 124	 185	 45	 240	 
2019-05-07 12:26:57	 131 	c1254 	1107 	 214 	 10110100 	 180 	 7618912 	 325	 136	 124	 185	 45	 241	 
2019-05-07 12:29:00	 925 	c1254 	1108 	 220 	 10110100 	 180 	 8979688 	 325	 137	 124	 185	 45	 242	 
2019-05-07 12:29:19	 242 	c1254 	1109 	 231 	 11111000 	 248 	 9182248 	 326	 137	 124	 185	 45	 242	 
2019-05-07 12:29:27	 972 	c1254	6062 bytes to file.
Date	 Hmsec	 CounterID	 EventID	 CounterMsgID	 Status(bin)	 Status(dec)	 Timer[s/12000]	 Unclear	 Entry	 LookIn	 Exit	 LookOut	 Visits
2019-05-07 12:29:36	  52 	c1254 	1110 	 237 	 10111000 	 184 	 9367504 	 326	 137	 124	 185	 46	 242	 
2019-05-07 12:29:43	1010 	c1254 	1111 	 243 	 10110100 	 180 	 9453616 	 326	 138	 124	 185	 46	 243	 
2019-05-07 12:29:47	 469 	c1254 	1112 	 247 	 01010100 	 84 	 9492496 	 327	 138	 124	 185	 46	 243	 
2019-05-07 12:29:53	 993 	c1254 	1113 	 251 	 01010100 	 84 	 9563488 	 328	 138	 124	 185	 46	 243	 
2019-05-07 12:30:02	 993 	c1254 	1115 	 5 	 10111000 	 184 	 9662512 	 328	 138	 124	 185	 47	 243	 
2019-05-07 12:30:05	 929 	c1254 	1117 	 15 	 01111000 	 120 	 9694912 	 328	 138	 124	 186	 47	 243	 
2019-05-07 12:30:09	 121 	c1254 	1118 	 23 	 10110100 	 180 	 9731248 	 328	 139	 124	 186	 47	 244	 
2019-05-07 12:35:16	 700 	c1254 	1119 	 29 	 10110100 	 180 	 13113472 	 328	 140	 124	 186	 47	 245	 
2019-05-07 12:35:25	 104 	c1254 	1120 	 39 	 01111000 	 120 	 13206784 	 328	 140	 124	 187	 47	 245	 
2019-05-07 12:35:33	 172 	c1254 	1121 	 45 	 01111000 	 120 	 13295416 	 328	 140	 124	 188	 47	 245	 
2019-05-07 12:36:32	 522 	c1254 	1122 	 51 	 10110100 	 180 	 13947424 	 328	 141	 124	 188	 47	 246	 
2019-05-07 12:37:08	 571 	c1254 	1123 	 57 	 01111000 	 120 	 14343736 	 328	 141	 124	 189	 47	 246	 
2019-05-07 12:37:40	 636 	c1254 	1125 	 65 	 01110100 	 116 	 14696152 	 328	 141	 125	 189	 47	 247	 
2019-05-07 12:37:57	 863 	c1254 	1126 	 74 	 10111000 	 184 	 14885200 	 328	 141	 125	 189	 48	 247	 
2019-05-07 12:38:00	 151 	c1254 	1127 	 84 	 01111000 	 120 	 14911432 	 328	 141	 125	 190	 48	 247	 
2019-05-07 12:43:50	 351 	c1254 	1128 	 94 	 01110100 	 116 	 1983504 	 328	 141	 126	 190	 48	 248	 
2019-05-07 12:44:02	 483 	c1254 	1129 	 101 	 01111000 	 120 	 2116632 	 328	 141	 126	 191	 48	 248	 
2019-05-07 12:44:43	 549 	c1254 	1130 	 107 	 10110100 	 180 	 2567928 	 328	 142	 126	 191	 48	 249	 
2019-05-07 12:45:12	1122 	c1254 	1131 	 113 	 10110100 	 180 	 2892144 	 328	 143	 126	 191	 48	 250	 
2019-05-07 12:45:16	1146 	c1254 	1132 	 118 	 11111000 	 248 	 2936328 	 329	 143	 126	 191	 48	 250	 
2019-05-07 13:01:06	   8 	c1254 	1133 	 123 	 11111000 	 248 	 13355400 	 330	 143	 126	 191	 48	 250	 
2019-05-07 13:43:28	 513 	c1254	2297 bytes to file.
Date	 Hmsec	 CounterID	 EventID	 CounterMsgID	 Status(bin)	 Status(dec)	 Timer[s/12000]	 Unclear	 Entry	 LookIn	 Exit	 LookOut	 Visits
2019-05-07 13:43:29	  30 	c1254	161 bytes to file.
Date	 Hmsec	 CounterID	 EventID	 CounterMsgID	 Status(bin)	 Status(dec)	 Timer[s/12000]	 Unclear	 Entry	 LookIn	 Exit	 LookOut	 Visits
2019-05-07 13:43:29	 354 	c1254	161 bytes to file.
Date	 Hmsec	 CounterID	 EventID	 CounterMsgID	 Status(bin)	 Status(dec)	 Timer[s/12000]	 Unclear	 Entry	 LookIn	 Exit	 LookOut	 Visits
2019-05-07 13:43:30	 238 	c1254	161 bytes to file.
Date	 Hmsec	 CounterID	 EventID	 CounterMsgID	 Status(bin)	 Status(dec)	 Timer[s/12000]	 Unclear	 Entry	 LookIn	 Exit	 LookOut	 Visits
2019-05-07 13:43:31	 231 	c1254	161 bytes to file.
