Date	 Hmsec	 CounterID	 EventID	 CounterMsgID	 Status(bin)	 Status(dec)	 Timer[s/12000]	 Unclear	 Entry	 LookIn	 Exit	 LookOut	 Visits
2020-05-28 15:25:44	 491 	c1272 	4192 	 61 	 10101000 	 168 	 10230136 	 205	 246	 188	 271	 77	 353	 
2020-05-28 15:26:33	   0 	c1272 	4193 	 2 	 11111100 	 252 	 4056 	 1	 0	 0	 0	 0	 0	 
2021-05-10 08:26:00	 507 	c1272 	4195 	 10 	 01110100 	 116 	 1515600 	 1	 0	 1	 0	 0	 1	 
2021-05-10 08:26:15	 127 	c1272 	4196 	 15 	 10101000 	 168 	 1665840 	 2	 0	 1	 0	 0	 1	 
2021-05-10 09:02:52	 968 	c1272	529 bytes to file.
Date	 Hmsec	 CounterID	 EventID	 CounterMsgID	 Status(bin)	 Status(dec)	 Timer[s/12000]	 Unclear	 Entry	 LookIn	 Exit	 LookOut	 Visits
2021-05-10 09:14:25	 166 	c1272 	4197 	 19 	 10101000 	 168 	 14436824 	 3	 0	 1	 0	 0	 1	 
2021-05-10 09:14:27	 890 	c1272 	4198 	 23 	 10101000 	 168 	 14463536 	 4	 0	 1	 0	 0	 1	 
2021-05-10 09:14:30	 476 	c1272 	4199 	 27 	 10101000 	 168 	 14490560 	 5	 0	 1	 0	 0	 1	 
2021-05-10 09:17:24	 764 	c1272 	4200 	 31 	 10101000 	 168 	 16268912 	 6	 0	 1	 0	 0	 1	 
2021-05-10 09:17:52	  29 	c1272 	4201 	 35 	 10101000 	 168 	 16548248 	 7	 0	 1	 0	 0	 1	 
2021-05-10 09:17:53	 620 	c1272 	4202 	 39 	 10101000 	 168 	 16563584 	 8	 0	 1	 0	 0	 1	 
2021-05-10 09:19:23	 552 	c1272 	4203 	 43 	 10101000 	 168 	 704056 	 9	 0	 1	 0	 0	 1	 
2021-05-10 09:21:25	 834 	c1272 	4204 	 47 	 10101000 	 168 	 1951216 	 10	 0	 1	 0	 0	 1	 
2021-05-10 09:25:41	 908 	c1272 	4205 	 51 	 10101000 	 168 	 4562824 	 11	 0	 1	 0	 0	 1	 
2021-05-10 09:25:51	 314 	c1272 	4206 	 55 	 10101000 	 168 	 4659640 	 12	 0	 1	 0	 0	 1	 
2021-05-10 09:26:54	 736 	c1272 	4207 	 59 	 10101000 	 168 	 5305648 	 13	 0	 1	 0	 0	 1	 
2021-05-10 09:30:22	  51 	c1272 	4208 	 65 	 10111000 	 184 	 7418248 	 13	 0	 1	 0	 1	 1	 
2021-05-10 09:30:34	 718 	c1272 	4210 	 73 	 01110100 	 116 	 7546120 	 13	 0	 2	 0	 1	 2	 
2021-05-10 09:30:58	 440 	c1272 	4212 	 88 	 01110100 	 116 	 7787896 	 13	 0	 3	 0	 1	 3	 
2021-05-10 09:31:29	 642 	c1272 	4213 	 99 	 01110100 	 116 	 8104840 	 13	 0	 4	 0	 1	 4	 
2021-05-10 09:31:33	 945 	c1272 	4214 	 109 	 01110100 	 116 	 8148160 	 13	 0	 5	 0	 1	 4	 
2021-05-10 09:48:56	 981 	c1272 	4217 	 123 	 11110100 	 244 	 1915992 	 14	 0	 5	 0	 1	 4	 
2021-05-10 09:49:08	 356 	c1272 	4219 	 130 	 01111100 	 124 	 2031648 	 15	 0	 5	 0	 1	 4	 
2021-05-10 09:50:05	 226 	c1272 	4220 	 140 	 01110100 	 116 	 2605320 	 15	 0	 6	 0	 1	 5	 
2021-05-10 09:50:08	 795 	c1272 	4222 	 148 	 10110100 	 180 	 2640480 	 15	 1	 6	 0	 1	 5	 
2021-05-10 09:50:21	 333 	c1272 	4223 	 158 	 10111000 	 184 	 2767584 	 15	 1	 6	 0	 2	 5	 
2021-05-10 09:50:58	1044 	c1272 	4224 	 164 	 01110100 	 116 	 3146688 	 15	 1	 7	 0	 2	 6	 
2021-05-10 09:51:00	 463 	c1272 	4225 	 170 	 10110100 	 180 	 3161880 	 15	 2	 7	 0	 2	 6	 
2021-05-10 09:51:13	 580 	c1272 	4226 	 181 	 01111000 	 120 	 3293976 	 15	 2	 7	 1	 2	 6	 
2021-05-10 09:52:24	 164 	c1272 	4229 	 194 	 10110100 	 180 	 4005984 	 15	 3	 7	 1	 2	 7	 
2021-05-10 09:52:33	1090 	c1272 	4230 	 200 	 01111000 	 120 	 4104648 	 15	 3	 7	 2	 2	 7	 
2021-05-10 09:52:56	 579 	c1272 	4231 	 206 	 10110100 	 180 	 4332024 	 15	 4	 7	 2	 2	 8	 
2021-05-10 09:53:02	 353 	c1272 	4232 	 215 	 01111000 	 120 	 4390560 	 15	 4	 7	 3	 2	 8	 
2021-05-10 09:53:25	 194 	c1272 	4233 	 223 	 10110100 	 180 	 4620984 	 15	 5	 7	 3	 2	 9	 
2021-05-10 09:53:33	1000 	c1272 	4235 	 231 	 01111000 	 120 	 4708512 	 15	 5	 7	 4	 2	 9	 
2021-05-10 09:53:54	 762 	c1272	2904 bytes to file.
Date	 Hmsec	 CounterID	 EventID	 CounterMsgID	 Status(bin)	 Status(dec)	 Timer[s/12000]	 Unclear	 Entry	 LookIn	 Exit	 LookOut	 Visits
2021-05-10 09:53:58	 987 	c1272 	4236 	 237 	 01110100 	 116 	 4960296 	 15	 5	 8	 4	 2	 10	 
2021-05-10 09:54:06	 733 	c1272 	4237 	 243 	 10110100 	 180 	 5038752 	 15	 6	 8	 4	 2	 10	 
2021-05-10 09:54:14	 925 	c1272 	4238 	 249 	 01111000 	 120 	 5121048 	 15	 6	 8	 5	 2	 10	 
2021-05-10 09:55:39	1074 	c1272 	4239 	 255 	 01110100 	 116 	 5978688 	 15	 6	 9	 5	 2	 11	 
2021-05-10 09:55:41	 609 	c1272 	4240 	 7 	 10110100 	 180 	 5994864 	 15	 7	 9	 5	 2	 11	 
2021-05-10 09:55:55	 879 	c1272 	4241 	 13 	 01111000 	 120 	 6138216 	 15	 7	 9	 6	 2	 11	 
2021-05-10 09:56:55	 832 	c1272 	4243 	 23 	 01110100 	 116 	 6742056 	 15	 7	 10	 6	 2	 12	 
2021-05-10 09:56:58	 593 	c1272 	4244 	 29 	 10110100 	 180 	 6770232 	 15	 8	 10	 6	 2	 12	 
2021-05-10 09:57:06	 483 	c1272 	4245 	 35 	 01111000 	 120 	 6849864 	 15	 8	 10	 7	 2	 12	 
2021-05-10 09:59:02	 395 	c1272 	4247 	 47 	 10110100 	 180 	 8017080 	 15	 9	 10	 7	 2	 13	 
2021-05-10 09:59:14	 991 	c1272 	4249 	 57 	 01111000 	 120 	 8143008 	 15	 9	 10	 8	 2	 13	 
2021-05-10 10:01:26	 364 	c1272 	4250 	 63 	 10110100 	 180 	 9466272 	 15	 10	 10	 8	 2	 14	 
2021-05-10 10:01:38	 611 	c1272 	4251 	 74 	 01111000 	 120 	 9589152 	 15	 10	 10	 9	 2	 14	 
2021-05-10 10:03:09	 618 	c1272 	4252 	 80 	 10110100 	 180 	 10504800 	 15	 11	 10	 9	 2	 15	 
2021-05-10 10:03:18	 932 	c1272 	4253 	 86 	 01111000 	 120 	 10598064 	 15	 11	 10	 10	 2	 15	 
2021-05-10 10:05:41	 739 	c1272 	4254 	 90 	 01010100 	 84 	 12035040 	 16	 11	 10	 10	 2	 15	 
2021-05-10 10:05:43	  22 	c1272 	4255 	 96 	 10110100 	 180 	 12049008 	 16	 12	 10	 10	 2	 16	 
2021-05-10 10:05:50	 864 	c1272 	4257 	 109 	 11111000 	 248 	 12126696 	 17	 12	 10	 10	 2	 16	 
2021-05-10 10:07:08	1132 	c1272 	4258 	 115 	 10110100 	 180 	 12913704 	 17	 13	 10	 10	 2	 17	 
2021-05-10 10:07:16	 493 	c1272 	4260 	 125 	 01111000 	 120 	 12988728 	 17	 13	 10	 11	 2	 17	 
2021-05-10 10:07:50	 226 	c1272 	4261 	 133 	 10110100 	 180 	 13328472 	 17	 14	 10	 11	 2	 18	 
2021-05-10 10:07:55	 265 	c1272 	4262 	 142 	 01111000 	 120 	 13379112 	 17	 14	 10	 12	 2	 18	 
2021-05-10 10:13:06	1164 	c1272 	4263 	 153 	 10111100 	 188 	 16515816 	 18	 14	 10	 12	 2	 18	 
2021-05-10 10:13:18	 323 	c1272 	4264 	 159 	 01111000 	 120 	 16629360 	 18	 14	 10	 13	 2	 18	 
2021-05-10 10:13:29	  29 	c1272 	4265 	 165 	 01110100 	 116 	 16737528 	 18	 14	 11	 13	 2	 19	 
2021-05-10 10:13:34	 161 	c1272 	4267 	 173 	 10110100 	 180 	 11768 	 18	 15	 11	 13	 2	 19	 
2021-05-10 10:25:59	  10 	c1272 	4269 	 185 	 10110100 	 180 	 7515416 	 18	 16	 11	 13	 2	 20	 
2021-05-10 10:26:03	 489 	c1272 	4270 	 191 	 01111000 	 120 	 7559888 	 18	 16	 11	 14	 2	 20	 
2021-05-10 10:26:16	 269 	c1272 	4272 	 201 	 10111000 	 184 	 7689104 	 18	 16	 11	 14	 3	 20	 
2021-05-10 10:29:47	 347 	c1272 	4273 	 213 	 10110100 	 180 	 9818120 	 18	 17	 11	 14	 3	 21	 
2021-05-10 10:30:01	  41 	c1272 	4274 	 221 	 01111000 	 120 	 9956768 	 18	 17	 11	 15	 3	 21	 
2021-05-10 10:30:38	 613 	c1272 	4276 	 229 	 10110100 	 180 	 10335152 	 18	 18	 11	 15	 3	 22	 
2021-05-10 10:31:20	 829 	c1272 	4277 	 235 	 01111000 	 120 	 10760984 	 18	 18	 11	 16	 3	 22	 
2021-05-10 10:32:26	 374 	c1272 	4278 	 241 	 01110100 	 116 	 11423552 	 18	 18	 12	 16	 3	 23	 
2021-05-10 10:32:28	 545 	c1272 	4279 	 247 	 01110100 	 116 	 11445224 	 18	 18	 13	 16	 3	 23	 
2021-05-10 10:32:46	   5 	c1272 	4280 	 254 	 01111000 	 120 	 11622392 	 18	 18	 13	 17	 3	 23	 
2021-05-10 10:33:50	1019 	c1272 	4282 	 10 	 10110100 	 180 	 12277712 	 18	 19	 13	 17	 3	 24	 
2021-05-10 10:33:59	 276 	c1272 	4283 	 19 	 01111000 	 120 	 12362240 	 18	 19	 13	 18	 3	 24	 
2021-05-10 10:34:48	 990 	c1272 	4284 	 27 	 10110100 	 180 	 12863528 	 18	 20	 13	 18	 3	 25	 
2021-05-10 10:34:57	 779 	c1272 	4285 	 35 	 11111000 	 248 	 12952664 	 19	 20	 13	 18	 3	 25	 
2021-05-10 10:35:10	 472 	c1272 	4287 	 45 	 10110100 	 180 	 13081400 	 19	 21	 13	 18	 3	 26	 
2021-05-10 10:35:29	  27 	c1272 	4289 	 53 	 01111000 	 120 	 13269584 	 19	 21	 13	 19	 3	 26	 
2021-05-10 10:37:07	 247 	c1272 	4291 	 61 	 10110100 	 180 	 14261984 	 19	 22	 13	 19	 3	 27	 
2021-05-10 10:37:14	 810 	c1272 	4292 	 70 	 11111000 	 248 	 14337608 	 20	 22	 13	 19	 3	 27	 
2021-05-10 10:38:19	  73 	c1272 	4293 	 78 	 10110100 	 180 	 14988320 	 20	 23	 13	 19	 3	 28	 
2021-05-10 10:38:30	 184 	c1272 	4294 	 85 	 11110100 	 244 	 15100472 	 21	 23	 13	 19	 3	 28	 
2021-05-10 10:38:35	1093 	c1272 	4296 	 95 	 01111000 	 120 	 15158864 	 21	 23	 13	 20	 3	 28	 
2021-05-10 10:44:57	 183 	c1272	4642 bytes to file.
Date	 Hmsec	 CounterID	 EventID	 CounterMsgID	 Status(bin)	 Status(dec)	 Timer[s/12000]	 Unclear	 Entry	 LookIn	 Exit	 LookOut	 Visits
2021-05-10 10:45:46	 614 	c1272 	4297 	 101 	 10110100 	 180 	 2734600 	 21	 24	 13	 20	 3	 29	 
2021-05-10 10:45:51	 409 	c1272 	4298 	 108 	 11111000 	 248 	 2783392 	 22	 24	 13	 20	 3	 29	 
2021-05-10 10:46:34	 876 	c1272 	4299 	 114 	 01111000 	 120 	 3222112 	 22	 24	 13	 21	 3	 29	 
2021-05-10 10:46:54	1129 	c1272 	4300 	 120 	 10110100 	 180 	 3426472 	 22	 25	 13	 21	 3	 30	 
2021-05-10 10:47:01	1038 	c1272 	4302 	 130 	 01111000 	 120 	 3496480 	 22	 25	 13	 22	 3	 30	 
2021-05-10 10:47:53	 972 	c1272 	4303 	 139 	 11110100 	 244 	 4021672 	 23	 25	 13	 22	 3	 30	 
2021-05-10 10:48:01	 547 	c1272 	4304 	 144 	 11111000 	 248 	 4098904 	 24	 25	 13	 22	 3	 30	 
2021-05-10 10:48:26	 547 	c1272 	4305 	 152 	 10110100 	 180 	 4351720 	 24	 26	 13	 22	 3	 31	 
2021-05-10 10:48:37	   1 	c1272 	4307 	 160 	 01111000 	 120 	 4458256 	 24	 26	 13	 23	 3	 31	 
2021-05-10 10:55:22	 269 	c1272 	4311 	 174 	 01110100 	 116 	 8558992 	 24	 26	 14	 23	 3	 32	 
2021-05-10 11:00:49	1105 	c1272 	4312 	 179 	 10101000 	 168 	 11877880 	 25	 26	 14	 23	 3	 32	 
2021-05-10 11:00:54	 488 	c1272 	4314 	 185 	 10101000 	 168 	 11923168 	 26	 26	 14	 23	 3	 32	 
2021-05-10 11:35:57	 688 	c1272	1315 bytes to file.
Date	 Hmsec	 CounterID	 EventID	 CounterMsgID	 Status(bin)	 Status(dec)	 Timer[s/12000]	 Unclear	 Entry	 LookIn	 Exit	 LookOut	 Visits
2021-05-10 12:26:56	 914 	c1272	161 bytes to file.
Date	 Hmsec	 CounterID	 EventID	 CounterMsgID	 Status(bin)	 Status(dec)	 Timer[s/12000]	 Unclear	 Entry	 LookIn	 Exit	 LookOut	 Visits
2021-05-10 13:16:24	 609 	c1272 	4315 	 189 	 10101000 	 168 	 11014088 	 27	 26	 14	 23	 3	 32	 
2021-05-10 13:16:28	   3 	c1272 	4316 	 193 	 10101000 	 168 	 11049944 	 28	 26	 14	 23	 3	 32	 
2021-05-10 13:16:30	 557 	c1272 	4317 	 197 	 10101000 	 168 	 11075384 	 29	 26	 14	 23	 3	 32	 
2021-05-10 13:17:57	 124 	c1272	452 bytes to file.
Date	 Hmsec	 CounterID	 EventID	 CounterMsgID	 Status(bin)	 Status(dec)	 Timer[s/12000]	 Unclear	 Entry	 LookIn	 Exit	 LookOut	 Visits
2021-05-10 14:08:56	 900 	c1272	161 bytes to file.
Date	 Hmsec	 CounterID	 EventID	 CounterMsgID	 Status(bin)	 Status(dec)	 Timer[s/12000]	 Unclear	 Entry	 LookIn	 Exit	 LookOut	 Visits
2021-05-10 14:29:31	 709 	c1272 	4318 	 201 	 10101000 	 168 	 5840960 	 30	 26	 14	 23	 3	 32	 
2021-05-10 14:36:30	 806 	c1272 	4319 	 205 	 10101000 	 168 	 10148216 	 31	 26	 14	 23	 3	 32	 
2021-05-10 14:36:44	1019 	c1272 	4320 	 209 	 10101000 	 168 	 10293944 	 32	 26	 14	 23	 3	 32	 
2021-05-10 14:36:46	 335 	c1272 	4322 	 215 	 10101000 	 168 	 10308512 	 33	 26	 14	 23	 3	 32	 
2021-05-10 14:36:59	 871 	c1272	548 bytes to file.
