Date 	Hmsec 	CounterID 	EventID 	Batt 	Light 	T1 	T2 	TC 	Batt(mV) 	Wgt(g/10) 	CoreTemp(C) 	Version 	1903281141 
2019-05-17 12:32:39	  63 	c1254 	2347 	 3254	  636	    0	    0	 1490	6355	000	016
2019-05-17 12:42:39	  63 	c1254 	2348 	 3253	   32	    0	    0	 1493	6353	000	017
2019-05-17 12:52:39	  63 	c1254 	2348 	 3254	   32	    0	    0	 1494	6355	000	017
2019-05-17 13:02:39	  63 	c1254 	2348 	 3254	   33	    0	    0	 1494	6355	000	017
2019-05-17 13:12:39	  63 	c1254 	2348 	 3254	   33	    0	    0	 1493	6355	000	017
2019-05-17 13:22:39	  63 	c1254 	2348 	 3254	   32	    0	    0	 1494	6355	000	017
2019-05-17 13:32:39	  63 	c1254 	2348 	 3255	   32	    0	    0	 1494	6357	000	017
2019-05-17 13:42:39	  63 	c1254 	2348 	 3255	   33	    0	    0	 1494	6357	000	017
2019-05-17 13:52:39	  63 	c1254 	2348 	 3255	   33	    0	    0	 1494	6357	000	017
2019-05-17 14:02:39	  63 	c1254 	2348 	 3255	   32	    0	    0	 1496	6357	000	017
2019-05-17 14:12:39	  63 	c1254 	2348 	 3255	   31	    0	    0	 1496	6357	000	017
2019-05-17 14:22:39	  63 	c1254 	2348 	 3255	   31	    0	    0	 1497	6357	000	017
2019-05-17 14:32:39	  63 	c1254 	2348 	 3255	   31	    0	    0	 1498	6357	000	018
2019-05-17 14:42:39	  63 	c1254 	2348 	 3255	   31	    0	    0	 1497	6357	000	017
2019-05-17 14:52:39	  63 	c1254 	2348 	 3255	   32	    0	    0	 1498	6357	000	018
2019-05-17 15:02:39	  63 	c1254 	2348 	 3256	   31	    0	    0	 1498	6359	000	018
2019-05-17 15:12:39	  63 	c1254 	2348 	 3256	    6	    0	    0	 1499	6359	000	018
2019-05-17 15:22:39	  63 	c1254 	2348 	 3256	    5	    0	    0	 1499	6359	000	018
2019-05-17 15:32:39	  63 	c1254 	2348 	 3256	    6	    0	    0	 1499	6359	000	018
2019-05-17 15:42:39	  63 	c1254 	2348 	 3257	    5	    0	    0	 1499	6361	000	018
2019-05-17 15:52:39	  63 	c1254 	2348 	 3256	    5	    0	    0	 1498	6359	000	018
2019-05-17 16:02:39	  63 	c1254 	2348 	 3256	    5	    0	    0	 1500	6359	000	018
2019-05-17 16:12:39	  63 	c1254 	2348 	 3256	    5	    0	    0	 1499	6359	000	018
2019-05-17 16:22:39	  63 	c1254 	2348 	 3257	    5	    0	    0	 1498	6361	000	018
2019-05-17 16:32:39	  63 	c1254 	2348 	 3256	    5	    0	    0	 1499	6359	000	018
2019-05-17 16:42:39	  63 	c1254 	2348 	 3256	    5	    0	    0	 1499	6359	000	018
2019-05-17 16:52:39	  63 	c1254 	2348 	 3256	    5	    0	    0	 1497	6359	000	017
2019-05-17 17:02:39	  63 	c1254 	2348 	 3256	    5	    0	    0	 1498	6359	000	018
2019-05-17 17:12:39	  63 	c1254 	2348 	 3256	    5	    0	    0	 1497	6359	000	017
2019-05-17 17:22:39	  63 	c1254 	2348 	 3257	    5	    0	    0	 1497	6361	000	017
2019-05-17 17:32:39	  63 	c1254 	2348 	 3256	    5	    0	    0	 1498	6359	000	018
2019-05-17 17:42:39	  63 	c1254 	2348 	 3257	    5	    0	    0	 1497	6361	000	017
2019-05-17 17:52:39	  63 	c1254 	2348 	 3256	    5	    0	    0	 1497	6359	000	017
2019-05-17 18:02:39	  63 	c1254 	2348 	 3256	    5	    0	    0	 1496	6359	000	017
2019-05-17 18:12:39	  63 	c1254 	2348 	 3256	    5	    0	    0	 1495	6359	000	017
2019-05-17 18:22:39	  63 	c1254 	2348 	 3256	    5	    0	    0	 1495	6359	000	017
2019-05-17 18:32:39	  63 	c1254 	2348 	 3256	    5	    0	    0	 1496	6359	000	017
2019-05-17 18:42:39	  63 	c1254 	2348 	 3256	    5	    0	    0	 1495	6359	000	017
2019-05-17 18:52:39	  63 	c1254 	2348 	 3256	    5	    0	    0	 1495	6359	000	017
2019-05-17 19:02:39	  63 	c1254 	2348 	 3256	    5	    0	    0	 1494	6359	000	017
2019-05-17 19:12:39	  63 	c1254 	2348 	 3256	    5	    0	    0	 1495	6359	000	017
2019-05-17 19:22:39	  63 	c1254 	2348 	 3256	    5	    0	    0	 1495	6359	000	017
2019-05-17 19:32:39	  63 	c1254 	2348 	 3256	    5	    0	    0	 1495	6359	000	017
2019-05-17 19:42:39	  63 	c1254 	2348 	 3255	    5	    0	    0	 1494	6357	000	017
2019-05-17 19:52:39	  63 	c1254 	2348 	 3256	    5	    0	    0	 1494	6359	000	017
2019-05-17 20:02:39	  63 	c1254 	2348 	 3256	    5	    0	    0	 1493	6359	000	017
2019-05-17 20:12:39	  63 	c1254 	2348 	 3256	    5	    0	    0	 1493	6359	000	017
2019-05-17 20:22:39	  63 	c1254 	2348 	 3255	    5	    0	    0	 1493	6357	000	017
2019-05-17 20:32:39	  63 	c1254 	2348 	 3255	    5	    0	    0	 1493	6357	000	017
2019-05-17 20:42:39	  63 	c1254 	2348 	 3255	    5	    0	    0	 1491	6357	000	016
2019-05-17 20:52:39	  63 	c1254 	2348 	 3255	    5	    0	    0	 1492	6357	000	016
2019-05-17 20:52:40	 655 	c1254						 3607 bytes to file.
Date 	Hmsec 	CounterID 	EventID 	Batt 	Light 	T1 	T2 	TC 	Batt(mV) 	Wgt(g/10) 	CoreTemp(C) 	Version 	1903281141 
2019-05-17 21:02:39	  63 	c1254 	2348 	 3255	    5	    0	    0	 1491	6357	000	016
2019-05-17 21:12:39	  63 	c1254 	2348 	 3255	    5	    0	    0	 1492	6357	000	016
2019-05-17 21:22:39	  63 	c1254 	2348 	 3255	    4	    0	    0	 1490	6357	000	016
2019-05-17 21:32:39	  63 	c1254 	2348 	 3255	    4	    0	    0	 1492	6357	000	016
2019-05-17 21:42:39	  63 	c1254 	2348 	 3255	    4	    0	    0	 1491	6357	000	016
2019-05-17 21:52:39	  63 	c1254 	2348 	 3255	    4	    0	    0	 1490	6357	000	016
2019-05-17 22:02:39	  63 	c1254 	2348 	 3254	    4	    0	    0	 1489	6355	000	016
2019-05-17 22:12:39	  63 	c1254 	2348 	 3255	    4	    0	    0	 1488	6357	000	016
2019-05-17 22:22:39	  63 	c1254 	2348 	 3255	    4	    0	    0	 1489	6357	000	016
2019-05-17 22:32:39	  63 	c1254 	2348 	 3255	    4	    0	    0	 1489	6357	000	016
2019-05-17 22:42:39	  63 	c1254 	2348 	 3254	    4	    0	    0	 1489	6355	000	016
2019-05-17 22:52:39	  63 	c1254 	2348 	 3254	    4	    0	    0	 1488	6355	000	016
2019-05-17 23:02:39	  63 	c1254 	2348 	 3254	    4	    0	    0	 1487	6355	000	015
2019-05-17 23:12:39	  63 	c1254 	2348 	 3254	    4	    0	    0	 1488	6355	000	016
2019-05-17 23:22:39	  63 	c1254 	2348 	 3254	    4	    0	    0	 1487	6355	000	015
2019-05-17 23:32:39	  63 	c1254 	2348 	 3254	    4	    0	    0	 1486	6355	000	015
2019-05-17 23:42:39	  63 	c1254 	2348 	 3254	    4	    0	    0	 1487	6355	000	015
2019-05-17 23:52:39	  63 	c1254 	2348 	 3253	    4	    0	    0	 1486	6353	000	015
2019-05-18 00:02:39	  63 	c1254 	2348 	 3253	    4	    0	    0	 1485	6353	000	015
2019-05-18 00:12:39	  63 	c1254 	2348 	 3253	    4	    0	    0	 1483	6353	000	015
2019-05-18 00:22:39	  63 	c1254 	2348 	 3253	    3	    0	    0	 1483	6353	000	015
2019-05-18 00:32:39	  63 	c1254 	2348 	 3253	    3	    0	    0	 1485	6353	000	015
2019-05-18 00:42:39	  63 	c1254 	2348 	 3253	    3	    0	    0	 1483	6353	000	015
2019-05-18 00:52:39	  63 	c1254 	2348 	 3253	    4	    0	    0	 1485	6353	000	015
2019-05-18 01:02:39	  63 	c1254 	2348 	 3252	    4	    0	    0	 1484	6351	000	015
2019-05-18 01:12:39	  63 	c1254 	2348 	 3252	    4	    0	    0	 1483	6351	000	015
2019-05-18 01:22:39	  63 	c1254 	2348 	 3252	    3	    0	    0	 1481	6351	000	014
2019-05-18 01:32:39	  63 	c1254 	2348 	 3252	    3	    0	    0	 1481	6351	000	014
2019-05-18 01:42:39	  63 	c1254 	2348 	 3252	    4	    0	    0	 1481	6351	000	014
2019-05-18 01:52:39	  63 	c1254 	2348 	 3252	    3	    0	    0	 1482	6351	000	014
2019-05-18 02:02:39	  63 	c1254 	2348 	 3252	    4	    0	    0	 1481	6351	000	014
2019-05-18 02:12:39	  63 	c1254 	2348 	 3251	    4	    0	    0	 1481	6349	000	014
2019-05-18 02:22:39	  63 	c1254 	2348 	 3252	    4	    0	    0	 1481	6351	000	014
2019-05-18 02:32:39	  63 	c1254 	2348 	 3252	    3	    0	    0	 1480	6351	000	014
2019-05-18 02:42:39	  63 	c1254 	2348 	 3252	    4	    0	    0	 1480	6351	000	014
2019-05-18 02:52:39	  63 	c1254 	2348 	 3251	    3	    0	    0	 1479	6349	000	014
2019-05-18 03:02:39	  63 	c1254 	2348 	 3250	    3	    0	    0	 1480	6347	000	014
2019-05-18 03:12:39	  63 	c1254 	2348 	 3250	    3	    0	    0	 1479	6347	000	014
2019-05-18 03:22:39	  63 	c1254 	2348 	 3250	    3	    0	    0	 1479	6347	000	014
2019-05-18 03:32:39	  63 	c1254 	2348 	 3250	    3	    0	    0	 1479	6347	000	014
2019-05-18 03:42:39	  63 	c1254 	2348 	 3250	    4	    0	    0	 1478	6347	000	014
2019-05-18 03:52:39	  63 	c1254 	2348 	 3250	    4	    0	    0	 1477	6347	000	013
2019-05-18 04:02:39	  63 	c1254 	2348 	 3250	    4	    0	    0	 1477	6347	000	013
2019-05-18 04:12:39	  63 	c1254 	2348 	 3250	    3	    0	    0	 1477	6347	000	013
2019-05-18 04:22:39	  63 	c1254 	2348 	 3250	    3	    0	    0	 1476	6347	000	013
2019-05-18 04:32:39	  63 	c1254 	2348 	 3249	    3	    0	    0	 1478	6345	000	014
2019-05-18 04:42:39	  63 	c1254 	2348 	 3249	    4	    0	    0	 1476	6345	000	013
2019-05-18 04:52:39	  63 	c1254 	2348 	 3249	    3	    0	    0	 1477	6345	000	013
2019-05-18 05:02:39	  63 	c1254 	2348 	 3249	    3	    0	    0	 1478	6345	000	014
2019-05-18 05:12:39	  63 	c1254 	2348 	 3249	    4	    0	    0	 1476	6345	000	013
2019-05-18 05:22:39	  63 	c1254 	2348 	 3249	    3	    0	    0	 1477	6345	000	013
2019-05-18 05:22:40	 739 	c1254						 3607 bytes to file.
Date 	Hmsec 	CounterID 	EventID 	Batt 	Light 	T1 	T2 	TC 	Batt(mV) 	Wgt(g/10) 	CoreTemp(C) 	Version 	1903281141 
2019-05-18 05:32:39	  63 	c1254 	2348 	 3248	    3	    0	    0	 1476	6343	000	013
2019-05-18 05:42:39	  63 	c1254 	2348 	 3248	    4	    0	    0	 1474	6343	000	013
2019-05-18 05:52:39	  63 	c1254 	2348 	 3248	    3	    0	    0	 1475	6343	000	013
2019-05-18 06:02:39	  63 	c1254 	2348 	 3248	    3	    0	    0	 1474	6343	000	013
2019-05-18 06:12:39	  63 	c1254 	2348 	 3248	    3	    0	    0	 1475	6343	000	013
2019-05-18 06:22:39	  63 	c1254 	2348 	 3248	    3	    0	    0	 1474	6343	000	013
2019-05-18 06:32:39	  63 	c1254 	2348 	 3248	    3	    0	    0	 1475	6343	000	013
2019-05-18 06:42:39	  63 	c1254 	2348 	 3247	    3	    0	    0	 1475	6341	000	013
2019-05-18 06:52:39	  63 	c1254 	2348 	 3247	    3	    0	    0	 1474	6341	000	013
2019-05-18 07:02:39	  63 	c1254 	2348 	 3248	    3	    0	    0	 1474	6343	000	013
2019-05-18 07:12:39	  63 	c1254 	2348 	 3248	    3	    0	    0	 1474	6343	000	013
2019-05-18 07:22:39	  63 	c1254 	2348 	 3247	    3	    0	    0	 1474	6341	000	013
2019-05-18 07:32:39	  63 	c1254 	2348 	 3247	    3	    0	    0	 1474	6341	000	013
2019-05-18 07:42:39	  63 	c1254 	2348 	 3247	    3	    0	    0	 1474	6341	000	013
2019-05-18 07:52:39	  63 	c1254 	2348 	 3247	    3	    0	    0	 1472	6341	000	012
2019-05-18 08:02:39	  63 	c1254 	2348 	 3247	    4	    0	    0	 1474	6341	000	013
2019-05-18 08:12:39	  63 	c1254 	2348 	 3247	    3	    0	    0	 1474	6341	000	013
2019-05-18 08:22:39	  63 	c1254 	2348 	 3247	    3	    0	    0	 1474	6341	000	013
2019-05-18 08:32:39	  63 	c1254 	2349 	 3247	   26	    0	    0	 1474	6341	000	013
2019-05-18 08:42:39	  63 	c1254 	2350 	 3247	  105	    0	    0	 1474	6341	000	013
2019-05-18 08:52:39	  63 	c1254 	2350 	 3247	   34	    0	    0	 1473	6341	000	013
2019-05-18 09:02:39	  63 	c1254 	2350 	 3246	  148	    0	    0	 1475	6339	000	013
2019-05-18 09:12:39	  63 	c1254 	2351 	 3246	   64	    0	    0	 1475	6339	000	013
2019-05-18 09:22:39	  63 	c1254 	2351 	 3246	   54	    0	    0	 1476	6339	000	013
2019-05-18 09:32:39	  63 	c1254 	2351 	 3247	   54	    0	    0	 1477	6341	000	013
2019-05-18 09:42:39	  63 	c1254 	2351 	 3246	   51	    0	    0	 1477	6339	000	013
2019-05-18 09:52:39	  63 	c1254 	2352 	 3247	 3867	    0	    0	 1480	6341	000	014
2019-05-18 10:02:39	  63 	c1254 	2352 	 3247	 3838	    0	    0	 1480	6341	000	014
2019-05-18 10:12:39	  63 	c1254 	2358 	 3247	 3821	    0	    0	 1481	6341	000	014
2019-05-18 10:22:39	  63 	c1254 	2397 	 3247	 3722	    0	    0	 1483	6341	000	015
2019-05-18 10:32:39	  63 	c1254 	2410 	 3248	 3442	    0	    0	 1483	6343	000	015
2019-05-18 10:42:39	  63 	c1254 	2417 	 3246	   86	    0	    0	 1483	6339	000	015
2019-05-18 10:52:39	  63 	c1254 	2420 	 3246	   74	    0	    0	 1483	6339	000	015
2019-05-18 11:02:39	  63 	c1254 	2423 	 3246	   79	    0	    0	 1485	6339	000	015
2019-05-18 11:12:39	  63 	c1254 	2423 	 3246	  102	    0	    0	 1485	6339	000	015
2019-05-18 11:22:39	  63 	c1254 	2423 	 3246	  123	    0	    0	 1485	6339	000	015
2019-05-18 11:32:39	  63 	c1254 	2425 	 3246	  101	    0	    0	 1485	6339	000	015
2019-05-18 11:42:39	  63 	c1254 	2431 	 3246	  138	    0	    0	 1486	6339	000	015
2019-05-18 11:52:39	  63 	c1254 	2443 	 3247	  152	    0	    0	 1486	6341	000	015
2019-05-18 12:02:39	  63 	c1254 	2454 	 3246	  108	    0	    0	 1486	6339	000	015
2019-05-18 12:12:39	  63 	c1254 	2454 	 3247	   28	    0	    0	 1487	6341	000	015
2019-05-18 12:22:39	  63 	c1254 	2454 	 3246	   29	    0	    0	 1487	6339	000	015
2019-05-18 12:32:39	  63 	c1254 	2454 	 3247	   43	    0	    0	 1485	6341	000	015
2019-05-18 12:42:39	  63 	c1254 	2454 	 3247	   29	    0	    0	 1486	6341	000	015
2019-05-18 12:52:39	  63 	c1254 	2454 	 3247	   29	    0	    0	 1487	6341	000	015
2019-05-18 13:02:39	  63 	c1254 	2454 	 3247	   29	    0	    0	 1487	6341	000	015
2019-05-18 13:12:39	  63 	c1254 	2456 	 3247	   91	    0	    0	 1488	6341	000	016
2019-05-18 13:22:02	 704 	c1254						 3335 bytes to file.
Date 	Hmsec 	CounterID 	EventID 	Batt 	Light 	T1 	T2 	TC 	Batt(mV) 	Wgt(g/10) 	CoreTemp(C) 	Version 	1903281141 
2019-05-18 13:22:07	1060 	c1254						 139 bytes to file.
