Date 	Hmsec 	CounterID 	EventID 	Batt 	Light 	T1 	T2 	TC 	Batt(mV) 	Wgt(g/10) 	CoreTemp(C) 	Version 	1903281141 
2019-05-07 13:43:47	  61 	c1254 	1133 	 3317	 1161	    0	    0	 1493	6478	000	017
2019-05-07 13:53:47	  61 	c1254 	1133 	 3318	 1077	    0	    0	 1500	6480	000	018
2019-05-07 14:03:47	  61 	c1254 	1133 	 3319	 1088	    0	    0	 1503	6482	000	019
2019-05-07 14:51:35	  63 	c1254 	1137 	 3396	   36	    0	    0	 1523	6632	000	023
2019-05-07 15:01:35	  63 	c1254 	1137 	 3393	   33	    0	    0	 1521	6626	000	022
2019-05-07 15:11:35	  63 	c1254 	1137 	 3392	   35	    0	    0	 1519	6625	000	022
2019-05-07 15:21:35	  63 	c1254 	1137 	 3390	   30	    0	    0	 1519	6621	000	022
2019-05-07 15:31:35	  63 	c1254 	1137 	 3389	   30	    0	    0	 1519	6619	000	022
2019-05-07 15:41:35	  63 	c1254 	1137 	 3388	   31	    0	    0	 1517	6617	000	021
2019-05-07 15:51:35	  63 	c1254 	1137 	 3387	   31	    0	    0	 1518	6615	000	022
2019-05-07 16:01:35	  63 	c1254 	1137 	 3386	   30	    0	    0	 1516	6613	000	021
2019-05-07 16:11:35	  63 	c1254 	1137 	 3385	   31	    0	    0	 1517	6611	000	021
2019-05-07 16:21:35	  63 	c1254 	1137 	 3385	   31	    0	    0	 1516	6611	000	021
2019-05-07 16:31:35	  63 	c1254 	1137 	 3384	   31	    0	    0	 1516	6609	000	021
2019-05-07 16:41:35	  63 	c1254 	1137 	 3383	   31	    0	    0	 1518	6607	000	022
2019-05-07 16:51:35	  63 	c1254 	1137 	 3383	   31	    0	    0	 1517	6607	000	021
2019-05-07 17:01:35	  63 	c1254 	1137 	 3382	   31	    0	    0	 1516	6605	000	021
2019-05-07 17:11:35	  63 	c1254 	1137 	 3381	   31	    0	    0	 1517	6603	000	021
2019-05-07 17:21:35	  63 	c1254 	1137 	 3380	   31	    0	    0	 1517	6601	000	021
2019-05-07 17:31:35	  63 	c1254 	1137 	 3380	   31	    0	    0	 1518	6601	000	022
2019-05-07 17:41:35	  63 	c1254 	1137 	 3379	   31	    0	    0	 1518	6599	000	022
2019-05-07 17:51:35	  63 	c1254 	1137 	 3379	   31	    0	    0	 1519	6599	000	022
2019-05-07 18:01:35	  63 	c1254 	1137 	 3379	   31	    0	    0	 1518	6599	000	022
2019-05-07 18:11:35	  63 	c1254 	1137 	 3378	   31	    0	    0	 1517	6597	000	021
2019-05-07 18:21:35	  63 	c1254 	1137 	 3378	   31	    0	    0	 1518	6597	000	022
2019-05-07 18:31:35	  63 	c1254 	1137 	 3377	   31	    0	    0	 1519	6595	000	022
2019-05-07 18:41:35	  63 	c1254 	1137 	 3377	   31	    0	    0	 1518	6595	000	022
2019-05-07 18:51:35	  63 	c1254 	1137 	 3376	   31	    0	    0	 1519	6593	000	022
2019-05-07 19:01:35	  63 	c1254 	1137 	 3376	   31	    0	    0	 1519	6593	000	022
2019-05-07 19:11:35	  63 	c1254 	1137 	 3375	   30	    0	    0	 1518	6591	000	022
2019-05-07 19:21:35	  63 	c1254 	1137 	 3375	   30	    0	    0	 1518	6591	000	022
2019-05-07 19:31:35	  63 	c1254 	1137 	 3374	   30	    0	    0	 1518	6589	000	022
2019-05-07 19:41:35	  63 	c1254 	1137 	 3374	   30	    0	    0	 1518	6589	000	022
2019-05-07 19:51:35	  63 	c1254 	1137 	 3373	   30	    0	    0	 1517	6587	000	021
2019-05-07 20:01:35	  63 	c1254 	1137 	 3373	   30	    0	    0	 1517	6587	000	021
2019-05-07 20:11:35	  63 	c1254 	1137 	 3373	   31	    0	    0	 1516	6587	000	021
2019-05-07 20:21:35	  63 	c1254 	1137 	 3372	   30	    0	    0	 1516	6585	000	021
2019-05-07 20:31:35	  63 	c1254 	1137 	 3371	   30	    0	    0	 1516	6583	000	021
2019-05-07 20:41:35	  63 	c1254 	1137 	 3371	   30	    0	    0	 1516	6583	000	021
2019-05-07 20:51:35	  63 	c1254 	1137 	 3371	   30	    0	    0	 1516	6583	000	021
2019-05-07 21:01:35	  63 	c1254 	1137 	 3369	   30	    0	    0	 1514	6580	000	021
2019-05-07 21:11:35	  63 	c1254 	1137 	 3369	   30	    0	    0	 1513	6580	000	021
2019-05-07 21:21:35	  63 	c1254 	1137 	 3369	   30	    0	    0	 1514	6580	000	021
2019-05-07 21:31:35	  63 	c1254 	1137 	 3368	   30	    0	    0	 1511	6578	000	020
2019-05-07 21:41:35	  63 	c1254 	1137 	 3368	   30	    0	    0	 1512	6578	000	020
2019-05-07 21:51:35	  63 	c1254 	1137 	 3367	   29	    0	    0	 1510	6576	000	020
2019-05-07 22:01:35	  63 	c1254 	1137 	 3367	   29	    0	    0	 1511	6576	000	020
2019-05-07 22:11:35	  63 	c1254 	1137 	 3366	   29	    0	    0	 1510	6574	000	020
2019-05-07 22:21:35	  63 	c1254 	1137 	 3366	   29	    0	    0	 1510	6574	000	020
2019-05-07 22:31:35	  63 	c1254 	1137 	 3365	   29	    0	    0	 1508	6572	000	020
2019-05-07 22:41:35	  63 	c1254 	1137 	 3365	   29	    0	    0	 1508	6572	000	020
2019-05-07 22:41:36	 650 	c1254						 3607 bytes to file.
Date 	Hmsec 	CounterID 	EventID 	Batt 	Light 	T1 	T2 	TC 	Batt(mV) 	Wgt(g/10) 	CoreTemp(C) 	Version 	1903281141 
2019-05-07 22:51:35	  63 	c1254 	1137 	 3364	   29	    0	    0	 1506	6570	000	019
2019-05-07 23:01:35	  63 	c1254 	1137 	 3364	   29	    0	    0	 1504	6570	000	019
2019-05-07 23:11:35	  63 	c1254 	1137 	 3364	   29	    0	    0	 1504	6570	000	019
2019-05-07 23:21:35	  63 	c1254 	1137 	 3363	   28	    0	    0	 1503	6568	000	019
2019-05-07 23:31:35	  63 	c1254 	1137 	 3363	   28	    0	    0	 1501	6568	000	018
2019-05-07 23:41:35	  63 	c1254 	1137 	 3362	   28	    0	    0	 1501	6566	000	018
2019-05-07 23:51:35	  63 	c1254 	1137 	 3362	   28	    0	    0	 1500	6566	000	018
2019-05-08 00:01:35	  63 	c1254 	1137 	 3362	   28	    0	    0	 1500	6566	000	018
2019-05-08 00:11:35	  63 	c1254 	1137 	 3361	   28	    0	    0	 1498	6564	000	018
2019-05-08 00:21:35	  63 	c1254 	1137 	 3361	   28	    0	    0	 1498	6564	000	018
2019-05-08 00:31:35	  63 	c1254 	1137 	 3360	   28	    0	    0	 1498	6562	000	018
2019-05-08 00:41:35	  63 	c1254 	1137 	 3359	   28	    0	    0	 1496	6560	000	017
2019-05-08 00:51:35	  63 	c1254 	1137 	 3359	   27	    0	    0	 1496	6560	000	017
2019-05-08 01:01:35	  63 	c1254 	1137 	 3358	   27	    0	    0	 1495	6558	000	017
2019-05-08 01:11:35	  63 	c1254 	1137 	 3358	   27	    0	    0	 1493	6558	000	017
2019-05-08 01:21:35	  63 	c1254 	1137 	 3357	   27	    0	    0	 1493	6556	000	017
2019-05-08 01:31:35	  63 	c1254 	1137 	 3357	   27	    0	    0	 1493	6556	000	017
2019-05-08 01:41:35	  63 	c1254 	1137 	 3356	   27	    0	    0	 1490	6554	000	016
2019-05-08 01:51:35	  63 	c1254 	1137 	 3356	   27	    0	    0	 1490	6554	000	016
2019-05-08 02:01:35	  63 	c1254 	1137 	 3356	   27	    0	    0	 1490	6554	000	016
2019-05-08 02:11:35	  63 	c1254 	1137 	 3355	   27	    0	    0	 1489	6552	000	016
2019-05-08 02:21:35	  63 	c1254 	1137 	 3354	   27	    0	    0	 1487	6550	000	015
2019-05-08 02:31:35	  63 	c1254 	1137 	 3354	   27	    0	    0	 1487	6550	000	015
2019-05-08 02:41:35	  63 	c1254 	1137 	 3353	   27	    0	    0	 1485	6548	000	015
2019-05-08 02:51:35	  63 	c1254 	1137 	 3353	   27	    0	    0	 1485	6548	000	015
2019-05-08 03:01:35	  63 	c1254 	1137 	 3353	   27	    0	    0	 1483	6548	000	015
2019-05-08 03:11:35	  63 	c1254 	1137 	 3353	   26	    0	    0	 1483	6548	000	015
2019-05-08 03:21:35	  63 	c1254 	1137 	 3352	   26	    0	    0	 1483	6546	000	015
2019-05-08 03:31:35	  63 	c1254 	1137 	 3352	   26	    0	    0	 1482	6546	000	014
2019-05-08 03:41:35	  63 	c1254 	1137 	 3351	   26	    0	    0	 1481	6544	000	014
2019-05-08 03:51:35	  63 	c1254 	1137 	 3351	   26	    0	    0	 1481	6544	000	014
2019-05-08 04:01:35	  63 	c1254 	1137 	 3350	   26	    0	    0	 1480	6542	000	014
2019-05-08 04:11:35	  63 	c1254 	1137 	 3350	   26	    0	    0	 1480	6542	000	014
2019-05-08 04:21:35	  63 	c1254 	1137 	 3349	   26	    0	    0	 1478	6541	000	014
2019-05-08 04:31:35	  63 	c1254 	1137 	 3349	   26	    0	    0	 1478	6541	000	014
2019-05-08 04:41:35	  63 	c1254 	1137 	 3348	   26	    0	    0	 1478	6539	000	014
2019-05-08 04:51:35	  63 	c1254 	1137 	 3348	   26	    0	    0	 1476	6539	000	013
2019-05-08 05:01:35	  63 	c1254 	1137 	 3347	   26	    0	    0	 1476	6537	000	013
2019-05-08 05:11:35	  63 	c1254 	1137 	 3347	   26	    0	    0	 1475	6537	000	013
2019-05-08 05:21:35	  63 	c1254 	1137 	 3346	   26	    0	    0	 1475	6535	000	013
2019-05-08 05:31:35	  63 	c1254 	1137 	 3346	   26	    0	    0	 1475	6535	000	013
2019-05-08 05:41:35	  63 	c1254 	1137 	 3345	   26	    0	    0	 1473	6533	000	013
2019-05-08 05:51:35	  63 	c1254 	1137 	 3345	   26	    0	    0	 1473	6533	000	013
2019-05-08 06:01:35	  63 	c1254 	1137 	 3344	   25	    0	    0	 1473	6531	000	013
2019-05-08 06:11:35	  63 	c1254 	1137 	 3344	   25	    0	    0	 1473	6531	000	013
2019-05-08 06:21:35	  63 	c1254 	1137 	 3344	   25	    0	    0	 1472	6531	000	012
2019-05-08 06:31:35	  63 	c1254 	1137 	 3344	   26	    0	    0	 1472	6531	000	012
2019-05-08 06:41:35	  63 	c1254 	1137 	 3343	   25	    0	    0	 1470	6529	000	012
2019-05-08 06:51:35	  63 	c1254 	1137 	 3343	   25	    0	    0	 1470	6529	000	012
2019-05-08 07:01:35	  63 	c1254 	1137 	 3342	   25	    0	    0	 1471	6527	000	012
2019-05-08 07:11:35	  63 	c1254 	1137 	 3342	   25	    0	    0	 1470	6527	000	012
2019-05-08 07:11:36	 739 	c1254						 3607 bytes to file.
Date 	Hmsec 	CounterID 	EventID 	Batt 	Light 	T1 	T2 	TC 	Batt(mV) 	Wgt(g/10) 	CoreTemp(C) 	Version 	1903281141 
2019-05-08 07:21:35	  63 	c1254 	1137 	 3341	   25	    0	    0	 1470	6525	000	012
2019-05-08 07:31:35	  63 	c1254 	1137 	 3341	   25	    0	    0	 1469	6525	000	012
2019-05-08 07:41:35	  63 	c1254 	1137 	 3340	   25	    0	    0	 1468	6523	000	012
2019-05-08 07:51:35	  63 	c1254 	1137 	 3340	   25	    0	    0	 1469	6523	000	012
2019-05-08 08:01:35	  63 	c1254 	1137 	 3340	   25	    0	    0	 1469	6523	000	012
2019-05-08 08:11:35	  63 	c1254 	1137 	 3339	   25	    0	    0	 1468	6521	000	012
2019-05-08 08:21:35	  63 	c1254 	1137 	 3339	   25	    0	    0	 1467	6521	000	012
2019-05-08 08:31:35	  63 	c1254 	1137 	 3338	   25	    0	    0	 1467	6519	000	012
2019-05-08 08:41:35	  63 	c1254 	1137 	 3338	   25	    0	    0	 1466	6519	000	011
2019-05-08 08:51:35	  63 	c1254 	1137 	 3337	   25	    0	    0	 1468	6517	000	012
2019-05-08 09:01:35	  63 	c1254 	1137 	 3337	   25	    0	    0	 1466	6517	000	011
2019-05-08 09:11:35	  63 	c1254 	1137 	 3337	   25	    0	    0	 1468	6517	000	012
2019-05-08 09:21:35	  63 	c1254 	1137 	 3337	   25	    0	    0	 1465	6517	000	011
2019-05-08 09:31:35	  63 	c1254 	1137 	 3336	   25	    0	    0	 1464	6515	000	011
2019-05-08 09:41:35	  63 	c1254 	1137 	 3336	   25	    0	    0	 1465	6515	000	011
2019-05-08 09:51:35	  63 	c1254 	1137 	 3335	   25	    0	    0	 1465	6513	000	011
2019-05-08 10:01:35	  63 	c1254 	1137 	 3335	   25	    0	    0	 1464	6513	000	011
2019-05-08 10:11:35	  63 	c1254 	1137 	 3335	   25	    0	    0	 1463	6513	000	011
2019-05-08 10:21:35	  63 	c1254 	1137 	 3334	   25	    0	    0	 1466	6511	000	011
2019-05-08 10:31:35	  63 	c1254 	1137 	 3334	   25	    0	    0	 1465	6511	000	011
2019-05-08 10:41:35	  63 	c1254 	1137 	 3333	   25	    0	    0	 1464	6509	000	011
2019-05-08 10:51:35	  63 	c1254 	1137 	 3333	   25	    0	    0	 1465	6509	000	011
2019-05-08 11:01:35	  63 	c1254 	1137 	 3333	   25	    0	    0	 1465	6509	000	011
2019-05-08 11:11:35	  63 	c1254 	1137 	 3332	   25	    0	    0	 1465	6507	000	011
2019-05-08 11:21:35	  63 	c1254 	1137 	 3332	   24	    0	    0	 1464	6507	000	011
2019-05-08 11:31:35	  63 	c1254 	1137 	 3332	   25	    0	    0	 1465	6507	000	011
2019-05-08 11:41:35	  63 	c1254 	1137 	 3331	   25	    0	    0	 1464	6505	000	011
2019-05-08 11:51:35	  63 	c1254 	1137 	 3331	   24	    0	    0	 1465	6505	000	011
2019-05-08 12:01:35	  63 	c1254 	1137 	 3330	   25	    0	    0	 1465	6503	000	011
2019-05-08 12:11:35	  63 	c1254 	1137 	 3331	   25	    0	    0	 1464	6505	000	011
2019-05-08 12:21:35	  63 	c1254 	1137 	 3330	   25	    0	    0	 1466	6503	000	011
2019-05-08 12:31:35	  63 	c1254 	1137 	 3330	   24	    0	    0	 1466	6503	000	011
2019-05-08 12:41:35	  63 	c1254 	1137 	 3330	   25	    0	    0	 1467	6503	000	012
2019-05-08 12:51:35	  63 	c1254 	1137 	 3330	   25	    0	    0	 1468	6503	000	012
2019-05-08 13:01:35	  63 	c1254 	1137 	 3329	   25	    0	    0	 1468	6501	000	012
2019-05-08 13:11:35	  63 	c1254 	1137 	 3329	   25	    0	    0	 1468	6501	000	012
2019-05-08 13:21:35	  63 	c1254 	1137 	 3329	   25	    0	    0	 1470	6501	000	012
2019-05-08 13:31:35	  63 	c1254 	1137 	 3328	   25	    0	    0	 1469	6500	000	012
2019-05-08 13:41:35	  63 	c1254 	1137 	 3328	   25	    0	    0	 1470	6500	000	012
2019-05-08 13:51:35	  63 	c1254 	1137 	 3328	   25	    0	    0	 1470	6500	000	012
2019-05-08 14:01:35	  63 	c1254 	1137 	 3328	   25	    0	    0	 1471	6500	000	012
2019-05-08 14:11:35	  63 	c1254 	1137 	 3328	   25	    0	    0	 1471	6500	000	012
2019-05-08 14:21:35	  63 	c1254 	1137 	 3327	   25	    0	    0	 1472	6498	000	012
2019-05-08 14:31:35	  63 	c1254 	1137 	 3327	   25	    0	    0	 1471	6498	000	012
2019-05-08 14:41:35	  63 	c1254 	1137 	 3327	   25	    0	    0	 1472	6498	000	012
2019-05-08 14:51:35	  63 	c1254 	1137 	 3327	   25	    0	    0	 1473	6498	000	013
2019-05-08 15:01:35	  63 	c1254 	1137 	 3326	   25	    0	    0	 1474	6496	000	013
2019-05-08 15:11:35	  63 	c1254 	1137 	 3326	   25	    0	    0	 1474	6496	000	013
2019-05-08 15:21:35	  63 	c1254 	1137 	 3326	   26	    0	    0	 1474	6496	000	013
2019-05-08 15:31:35	  63 	c1254 	1137 	 3326	   25	    0	    0	 1474	6496	000	013
2019-05-08 15:41:35	  63 	c1254 	1137 	 3325	   25	    0	    0	 1474	6494	000	013
2019-05-08 15:41:36	 746 	c1254						 3607 bytes to file.
Date 	Hmsec 	CounterID 	EventID 	Batt 	Light 	T1 	T2 	TC 	Batt(mV) 	Wgt(g/10) 	CoreTemp(C) 	Version 	1903281141 
2019-05-08 15:51:35	  63 	c1254 	1137 	 3325	   25	    0	    0	 1473	6494	000	013
2019-05-08 16:01:35	  63 	c1254 	1137 	 3325	   26	    0	    0	 1475	6494	000	013
2019-05-08 16:11:35	  63 	c1254 	1137 	 3325	   26	    0	    0	 1474	6494	000	013
2019-05-08 16:21:35	  63 	c1254 	1137 	 3325	   25	    0	    0	 1474	6494	000	013
2019-05-08 16:31:35	  63 	c1254 	1137 	 3325	   25	    0	    0	 1475	6494	000	013
2019-05-08 16:41:35	  63 	c1254 	1137 	 3324	   25	    0	    0	 1474	6492	000	013
2019-05-08 16:51:35	  63 	c1254 	1137 	 3324	   25	    0	    0	 1474	6492	000	013
2019-05-08 17:01:35	  63 	c1254 	1137 	 3324	   26	    0	    0	 1474	6492	000	013
2019-05-08 17:11:35	  63 	c1254 	1137 	 3324	   25	    0	    0	 1475	6492	000	013
2019-05-08 17:21:35	  63 	c1254 	1137 	 3324	   25	    0	    0	 1475	6492	000	013
2019-05-08 17:31:35	  63 	c1254 	1137 	 3323	   25	    0	    0	 1475	6490	000	013
2019-05-08 17:41:35	  63 	c1254 	1137 	 3323	   25	    0	    0	 1475	6490	000	013
2019-05-08 17:51:35	  63 	c1254 	1137 	 3323	   25	    0	    0	 1476	6490	000	013
2019-05-08 18:01:35	  63 	c1254 	1137 	 3323	   25	    0	    0	 1475	6490	000	013
2019-05-08 18:11:35	  63 	c1254 	1137 	 3322	   26	    0	    0	 1475	6488	000	013
2019-05-08 18:21:35	  63 	c1254 	1137 	 3322	   26	    0	    0	 1474	6488	000	013
2019-05-08 18:31:35	  63 	c1254 	1137 	 3322	   26	    0	    0	 1475	6488	000	013
2019-05-08 18:41:35	  63 	c1254 	1137 	 3322	   25	    0	    0	 1475	6488	000	013
2019-05-08 18:51:35	  63 	c1254 	1137 	 3322	   25	    0	    0	 1475	6488	000	013
2019-05-08 19:01:35	  63 	c1254 	1137 	 3321	   26	    0	    0	 1476	6486	000	013
2019-05-08 19:11:35	  63 	c1254 	1137 	 3321	   25	    0	    0	 1475	6486	000	013
2019-05-08 19:21:35	  63 	c1254 	1137 	 3321	   26	    0	    0	 1476	6486	000	013
2019-05-08 19:31:35	  63 	c1254 	1137 	 3321	   25	    0	    0	 1477	6486	000	013
2019-05-08 19:41:35	  63 	c1254 	1137 	 3321	   25	    0	    0	 1476	6486	000	013
2019-05-08 19:51:35	  63 	c1254 	1137 	 3321	   25	    0	    0	 1476	6486	000	013
2019-05-08 20:01:35	  63 	c1254 	1137 	 3320	   25	    0	    0	 1474	6484	000	013
2019-05-08 20:11:35	  63 	c1254 	1137 	 3320	   26	    0	    0	 1475	6484	000	013
2019-05-08 20:21:35	  63 	c1254 	1137 	 3320	   25	    0	    0	 1474	6484	000	013
2019-05-08 20:31:35	  63 	c1254 	1137 	 3320	   26	    0	    0	 1476	6484	000	013
2019-05-08 20:41:35	  63 	c1254 	1137 	 3320	   25	    0	    0	 1475	6484	000	013
2019-05-08 20:51:35	  63 	c1254 	1137 	 3320	   25	    0	    0	 1475	6484	000	013
2019-05-08 21:01:35	  63 	c1254 	1137 	 3319	   26	    0	    0	 1475	6482	000	013
2019-05-08 21:11:35	  63 	c1254 	1137 	 3319	   25	    0	    0	 1475	6482	000	013
2019-05-08 21:21:35	  63 	c1254 	1137 	 3319	   25	    0	    0	 1475	6482	000	013
2019-05-08 21:31:35	  63 	c1254 	1137 	 3318	   25	    0	    0	 1475	6480	000	013
2019-05-08 21:41:35	  63 	c1254 	1137 	 3318	   25	    0	    0	 1475	6480	000	013
2019-05-08 21:51:35	  63 	c1254 	1137 	 3318	   25	    0	    0	 1474	6480	000	013
2019-05-08 22:01:35	  63 	c1254 	1137 	 3318	   25	    0	    0	 1473	6480	000	013
2019-05-08 22:11:35	  63 	c1254 	1137 	 3318	   25	    0	    0	 1474	6480	000	013
2019-05-08 22:21:35	  63 	c1254 	1137 	 3318	   25	    0	    0	 1473	6480	000	013
2019-05-08 22:31:35	  63 	c1254 	1137 	 3318	   25	    0	    0	 1473	6480	000	013
2019-05-08 22:41:35	  63 	c1254 	1137 	 3317	   25	    0	    0	 1473	6478	000	013
2019-05-08 22:51:35	  63 	c1254 	1137 	 3317	   25	    0	    0	 1472	6478	000	012
2019-05-08 23:01:35	  63 	c1254 	1137 	 3317	   25	    0	    0	 1471	6478	000	012
2019-05-08 23:11:35	  63 	c1254 	1137 	 3317	   25	    0	    0	 1473	6478	000	013
2019-05-08 23:21:35	  63 	c1254 	1137 	 3316	   25	    0	    0	 1473	6476	000	013
2019-05-08 23:31:35	  63 	c1254 	1137 	 3316	   25	    0	    0	 1470	6476	000	012
2019-05-08 23:41:35	  63 	c1254 	1137 	 3316	   25	    0	    0	 1471	6476	000	012
2019-05-08 23:51:35	  63 	c1254 	1137 	 3316	   25	    0	    0	 1470	6476	000	012
2019-05-09 00:01:35	  63 	c1254 	1137 	 3315	   25	    0	    0	 1471	6474	000	012
2019-05-09 00:11:35	  63 	c1254 	1137 	 3315	   25	    0	    0	 1470	6474	000	012
2019-05-09 00:11:36	 741 	c1254						 3607 bytes to file.
Date 	Hmsec 	CounterID 	EventID 	Batt 	Light 	T1 	T2 	TC 	Batt(mV) 	Wgt(g/10) 	CoreTemp(C) 	Version 	1903281141 
2019-05-09 00:21:35	  63 	c1254 	1137 	 3315	   25	    0	    0	 1470	6474	000	012
2019-05-09 00:31:35	  63 	c1254 	1137 	 3315	   25	    0	    0	 1471	6474	000	012
2019-05-09 00:41:35	  63 	c1254 	1137 	 3314	   25	    0	    0	 1470	6472	000	012
2019-05-09 00:51:35	  63 	c1254 	1137 	 3315	   25	    0	    0	 1469	6474	000	012
2019-05-09 01:01:35	  63 	c1254 	1137 	 3315	   25	    0	    0	 1471	6474	000	012
2019-05-09 01:11:35	  63 	c1254 	1137 	 3315	   25	    0	    0	 1469	6474	000	012
2019-05-09 01:21:35	  63 	c1254 	1137 	 3314	   25	    0	    0	 1468	6472	000	012
2019-05-09 01:31:35	  63 	c1254 	1137 	 3314	   25	    0	    0	 1468	6472	000	012
2019-05-09 01:41:35	  63 	c1254 	1137 	 3313	   25	    0	    0	 1468	6470	000	012
2019-05-09 01:51:35	  63 	c1254 	1137 	 3313	   25	    0	    0	 1469	6470	000	012
2019-05-09 02:01:35	  63 	c1254 	1137 	 3313	   25	    0	    0	 1467	6470	000	012
2019-05-09 02:11:35	  63 	c1254 	1137 	 3313	   25	    0	    0	 1467	6470	000	012
2019-05-09 02:21:35	  63 	c1254 	1137 	 3313	   25	    0	    0	 1467	6470	000	012
2019-05-09 02:31:35	  63 	c1254 	1137 	 3313	   25	    0	    0	 1466	6470	000	011
2019-05-09 02:41:35	  63 	c1254 	1137 	 3313	   25	    0	    0	 1468	6470	000	012
2019-05-09 02:51:35	  63 	c1254 	1137 	 3313	   25	    0	    0	 1467	6470	000	012
2019-05-09 03:01:35	  63 	c1254 	1137 	 3312	   25	    0	    0	 1467	6468	000	012
2019-05-09 03:11:35	  63 	c1254 	1137 	 3312	   25	    0	    0	 1466	6468	000	011
2019-05-09 03:21:35	  63 	c1254 	1137 	 3312	   25	    0	    0	 1467	6468	000	012
2019-05-09 03:31:35	  63 	c1254 	1137 	 3312	   25	    0	    0	 1466	6468	000	011
2019-05-09 03:41:35	  63 	c1254 	1137 	 3311	   24	    0	    0	 1466	6466	000	011
2019-05-09 03:51:35	  63 	c1254 	1137 	 3311	   24	    0	    0	 1464	6466	000	011
2019-05-09 04:01:35	  63 	c1254 	1137 	 3311	   24	    0	    0	 1465	6466	000	011
2019-05-09 04:11:35	  63 	c1254 	1137 	 3311	   25	    0	    0	 1465	6466	000	011
2019-05-09 04:21:35	  63 	c1254 	1137 	 3311	   24	    0	    0	 1467	6466	000	012
2019-05-09 04:31:35	  63 	c1254 	1137 	 3310	   24	    0	    0	 1466	6464	000	011
2019-05-09 04:41:35	  63 	c1254 	1137 	 3311	   25	    0	    0	 1464	6466	000	011
2019-05-09 04:51:35	  63 	c1254 	1137 	 3310	   24	    0	    0	 1465	6464	000	011
2019-05-09 05:01:35	  63 	c1254 	1137 	 3309	   25	    0	    0	 1464	6462	000	011
2019-05-09 05:11:35	  63 	c1254 	1137 	 3310	   25	    0	    0	 1465	6464	000	011
2019-05-09 05:21:35	  63 	c1254 	1137 	 3310	   24	    0	    0	 1464	6464	000	011
2019-05-09 05:31:35	  63 	c1254 	1137 	 3310	   24	    0	    0	 1466	6464	000	011
2019-05-09 05:41:35	  63 	c1254 	1137 	 3309	   24	    0	    0	 1465	6462	000	011
2019-05-09 05:51:35	  63 	c1254 	1137 	 3309	   25	    0	    0	 1465	6462	000	011
2019-05-09 06:01:35	  63 	c1254 	1137 	 3309	   24	    0	    0	 1463	6462	000	011
2019-05-09 06:11:35	  63 	c1254 	1137 	 3309	   24	    0	    0	 1464	6462	000	011
2019-05-09 06:21:35	  63 	c1254 	1137 	 3308	   24	    0	    0	 1464	6460	000	011
2019-05-09 06:31:35	  63 	c1254 	1137 	 3308	   24	    0	    0	 1463	6460	000	011
2019-05-09 06:41:35	  63 	c1254 	1137 	 3308	   24	    0	    0	 1463	6460	000	011
2019-05-09 06:51:35	  63 	c1254 	1137 	 3308	   24	    0	    0	 1464	6460	000	011
2019-05-09 07:01:35	  63 	c1254 	1137 	 3308	   24	    0	    0	 1463	6460	000	011
2019-05-09 07:11:35	  63 	c1254 	1137 	 3308	   39	    0	    0	 1463	6460	000	011
2019-05-09 07:21:35	  63 	c1254 	1138 	 3308	   30	    0	    0	 1465	6460	000	011
2019-05-09 07:31:35	  63 	c1254 	1138 	 3307	   30	    0	    0	 1465	6458	000	011
2019-05-09 07:41:35	  63 	c1254 	1138 	 3307	   31	    0	    0	 1463	6458	000	011
2019-05-09 07:51:35	  63 	c1254 	1142 	 3308	   54	    0	    0	 1464	6460	000	011
2019-05-09 08:01:35	  63 	c1254 	1144 	 3307	   33	    0	    0	 1466	6458	000	011
2019-05-09 08:11:35	  63 	c1254 	1146 	 3307	   38	    0	    0	 1466	6458	000	011
2019-05-09 08:21:35	  63 	c1254 	1146 	 3307	   37	    0	    0	 1467	6458	000	012
2019-05-09 08:31:35	  63 	c1254 	1146 	 3307	   44	    0	    0	 1466	6458	000	011
2019-05-09 08:41:35	  63 	c1254 	1146 	 3307	   36	    0	    0	 1468	6458	000	012
2019-05-09 08:41:36	 734 	c1254						 3607 bytes to file.
Date 	Hmsec 	CounterID 	EventID 	Batt 	Light 	T1 	T2 	TC 	Batt(mV) 	Wgt(g/10) 	CoreTemp(C) 	Version 	1903281141 
2019-05-09 08:51:35	  63 	c1254 	1146 	 3307	   33	    0	    0	 1467	6458	000	012
2019-05-09 09:01:35	  63 	c1254 	1152 	 3307	 3518	    0	    0	 1468	6458	000	012
2019-05-09 09:11:35	  63 	c1254 	1152 	 3308	 3273	    0	    0	 1468	6460	000	012
2019-05-09 09:21:35	  63 	c1254 	1152 	 3307	 3872	    0	    0	 1469	6458	000	012
2019-05-09 09:31:35	  63 	c1254 	1153 	 3308	 3895	    0	    0	 1471	6460	000	012
2019-05-09 09:41:35	  63 	c1254 	1159 	 3307	 3893	    0	    0	 1473	6458	000	013
2019-05-09 09:51:35	  63 	c1254 	1167 	 3307	 3854	    0	    0	 1473	6458	000	013
2019-05-09 10:01:35	  63 	c1254 	1173 	 3308	 3747	    0	    0	 1474	6460	000	013
2019-05-09 10:11:35	  63 	c1254 	1174 	 3307	   35	    0	    0	 1474	6458	000	013
2019-05-09 10:21:35	  63 	c1254 	1174 	 3307	   32	    0	    0	 1474	6458	000	013
2019-05-09 10:31:35	  63 	c1254 	1181 	 3307	 2593	    0	    0	 1473	6458	000	013
2019-05-09 10:41:35	  63 	c1254 	1181 	 3308	 3119	    0	    0	 1472	6460	000	012
2019-05-09 10:51:35	  63 	c1254 	1182 	 3307	 2787	    0	    0	 1472	6458	000	012
2019-05-09 11:01:35	  63 	c1254 	1214 	 3307	 2553	    0	    0	 1471	6458	000	012
2019-05-09 11:08:22	 352 	c1254						 1091 bytes to file.
Date 	Hmsec 	CounterID 	EventID 	Batt 	Light 	T1 	T2 	TC 	Batt(mV) 	Wgt(g/10) 	CoreTemp(C) 	Version 	1903281141 
2019-05-09 11:11:39	  63 	c1254 	1240 	 3307	 3563	    0	    0	 1471	6458	000	012
2019-05-09 11:21:39	  63 	c1254 	1265 	 3306	 3726	    0	    0	 1471	6457	000	012
2019-05-09 11:31:11	 218 	c1254						 275 bytes to file.
Date 	Hmsec 	CounterID 	EventID 	Batt 	Light 	T1 	T2 	TC 	Batt(mV) 	Wgt(g/10) 	CoreTemp(C) 	Version 	1903281141 
2019-05-09 11:31:43	  63 	c1254 	1314 	 3306	 2987	    0	    0	 1470	6457	000	012
2019-05-09 11:41:43	  63 	c1254 	1344 	 3305	 2550	    0	    0	 1469	6455	000	012
2019-05-09 11:51:43	  63 	c1254 	1367 	 3305	 2966	    0	    0	 1469	6455	000	012
2019-05-09 11:58:05	 235 	c1254						 343 bytes to file.
Date 	Hmsec 	CounterID 	EventID 	Batt 	Light 	T1 	T2 	TC 	Batt(mV) 	Wgt(g/10) 	CoreTemp(C) 	Version 	1903281141 
2019-05-09 12:01:47	  63 	c1254 	1406 	 3305	 3301	    0	    0	 1469	6455	000	012
2019-05-09 12:11:47	  63 	c1254 	1438 	 3305	 2999	    0	    0	 1469	6455	000	012
2019-05-09 12:21:47	  63 	c1254 	1456 	 3305	 2467	    0	    0	 1468	6455	000	012
2019-05-09 12:26:04	 227 	c1254						 343 bytes to file.
Date 	Hmsec 	CounterID 	EventID 	Batt 	Light 	T1 	T2 	TC 	Batt(mV) 	Wgt(g/10) 	CoreTemp(C) 	Version 	1903281141 
2019-05-09 12:31:51	  63 	c1254 	1493 	 3305	 3724	    0	    0	 1469	6455	000	012
2019-05-09 12:41:51	  63 	c1254 	1538 	 3305	 3844	    0	    0	 1469	6455	000	012
2019-05-09 12:51:51	  63 	c1254 	1546 	 3305	 2959	    0	    0	 1469	6455	000	012
2019-05-09 12:55:18	 232 	c1254						 343 bytes to file.
Date 	Hmsec 	CounterID 	EventID 	Batt 	Light 	T1 	T2 	TC 	Batt(mV) 	Wgt(g/10) 	CoreTemp(C) 	Version 	1903281141 
2019-05-09 13:01:55	  63 	c1254 	1561 	 3305	 3795	    0	    0	 1470	6455	000	012
2019-05-09 13:11:55	  63 	c1254 	1562 	 3304	   42	    0	    0	 1471	6453	000	012
2019-05-09 13:21:55	  63 	c1254 	1564 	 3303	   30	    0	    0	 1471	6451	000	012
2019-05-09 13:31:55	  63 	c1254 	1565 	 3303	   37	    0	    0	 1471	6451	000	012
2019-05-09 13:41:55	  63 	c1254 	1565 	 3303	   37	    0	    0	 1472	6451	000	012
2019-05-09 13:51:55	  63 	c1254 	1565 	 3304	   32	    0	    0	 1472	6453	000	012
2019-05-09 14:01:55	  63 	c1254 	1565 	 3304	   42	    0	    0	 1473	6453	000	013
2019-05-09 14:11:55	  63 	c1254 	1569 	 3303	   33	    0	    0	 1472	6451	000	012
2019-05-09 14:21:55	  63 	c1254 	1569 	 3303	   30	    0	    0	 1473	6451	000	013
2019-05-09 14:31:55	  63 	c1254 	1577 	 3303	    7	    0	    0	 1473	6451	000	013
2019-05-09 14:41:55	  63 	c1254 	1584 	 3303	   27	    0	    0	 1475	6451	000	013
2019-05-09 14:51:55	  63 	c1254 	1584 	 3304	   28	    0	    0	 1474	6453	000	013
2019-05-09 15:01:55	  63 	c1254 	1584 	 3304	   27	    0	    0	 1475	6453	000	013
2019-05-09 15:11:55	  63 	c1254 	1584 	 3304	   27	    0	    0	 1478	6453	000	014
2019-05-09 15:21:55	  63 	c1254 	1584 	 3304	   27	    0	    0	 1477	6453	000	013
2019-05-09 15:31:55	  63 	c1254 	1584 	 3305	   27	    0	    0	 1480	6455	000	014
2019-05-09 15:41:55	  63 	c1254 	1584 	 3304	   28	    0	    0	 1481	6453	000	014
2019-05-09 15:51:55	  63 	c1254 	1584 	 3305	   28	    0	    0	 1483	6455	000	015
2019-05-09 16:01:55	  63 	c1254 	1584 	 3305	   28	    0	    0	 1484	6455	000	015
2019-05-09 16:11:55	  63 	c1254 	1588 	 3305	  163	    0	    0	 1487	6455	000	015
2019-05-09 16:16:06	 412 	c1254						 1499 bytes to file.
Date 	Hmsec 	CounterID 	EventID 	Batt 	Light 	T1 	T2 	TC 	Batt(mV) 	Wgt(g/10) 	CoreTemp(C) 	Version 	1903281141 
2019-05-09 16:16:08	 472 	c1254						 139 bytes to file.
