Date	 Hmsec	 CounterID	 EventID	 CounterMsgID	 Status(bin)	 Status(dec)	 Timer[s/12000]	 Unclear	 Entry	 LookIn	 Exit	 LookOut	 Visits
2021-05-16 18:23:40	 584 	c1254 	5160 	 77 	 10101000 	 168 	 11954848 	 114	 111	 67	 121	 22	 172	 
2021-05-16 18:23:41	  25 	c1254 	5161 	 81 	 10101000 	 168 	 11960656 	 115	 111	 67	 121	 22	 172	 
2021-05-16 18:23:41	 682 	c1254 	5162 	 85 	 10101000 	 168 	 11966968 	 116	 111	 67	 121	 22	 172	 
2021-05-16 18:23:43	1008 	c1254 	5164 	 91 	 10101000 	 168 	 11992456 	 117	 111	 67	 121	 22	 172	 
2021-05-17 02:50:08	 942 	c1254	565 bytes to file.
Date	 Hmsec	 CounterID	 EventID	 CounterMsgID	 Status(bin)	 Status(dec)	 Timer[s/12000]	 Unclear	 Entry	 LookIn	 Exit	 LookOut	 Visits
2021-05-17 11:20:08	 906 	c1254	161 bytes to file.
Date	 Hmsec	 CounterID	 EventID	 CounterMsgID	 Status(bin)	 Status(dec)	 Timer[s/12000]	 Unclear	 Entry	 LookIn	 Exit	 LookOut	 Visits
2021-05-17 12:07:29	 288 	c1254 	5165 	 95 	 10101000 	 168 	 16078768 	 118	 111	 67	 121	 22	 172	 
2021-05-17 19:50:08	 898 	c1254	262 bytes to file.
Date	 Hmsec	 CounterID	 EventID	 CounterMsgID	 Status(bin)	 Status(dec)	 Timer[s/12000]	 Unclear	 Entry	 LookIn	 Exit	 LookOut	 Visits
2021-05-18 04:20:08	 844 	c1254	161 bytes to file.
Date	 Hmsec	 CounterID	 EventID	 CounterMsgID	 Status(bin)	 Status(dec)	 Timer[s/12000]	 Unclear	 Entry	 LookIn	 Exit	 LookOut	 Visits
2021-05-18 09:19:30	 271 	c1254 	5167 	 101 	 10101000 	 168 	 3628360 	 119	 111	 67	 121	 22	 172	 
2021-05-18 09:20:53	 892 	c1254 	5168 	 105 	 10101000 	 168 	 4547080 	 120	 111	 67	 121	 22	 172	 
2021-05-18 09:21:12	 607 	c1254 	5169 	 109 	 10101000 	 168 	 4753384 	 121	 111	 67	 121	 22	 172	 
2021-05-18 09:21:25	 605 	c1254 	5170 	 113 	 10101000 	 168 	 4896352 	 122	 111	 67	 121	 22	 172	 
2021-05-18 09:21:57	 332 	c1254 	5171 	 117 	 10101000 	 168 	 5245792 	 123	 111	 67	 121	 22	 172	 
2021-05-18 09:22:06	 967 	c1254 	5172 	 121 	 10101000 	 168 	 5350816 	 124	 111	 67	 121	 22	 172	 
2021-05-18 09:22:09	 293 	c1254 	5173 	 125 	 10101000 	 168 	 5377432 	 125	 111	 67	 121	 22	 172	 
2021-05-18 09:22:12	1072 	c1254 	5175 	 131 	 10101000 	 168 	 5417824 	 126	 111	 67	 121	 22	 172	 
2021-05-18 09:24:13	 888 	c1254 	5176 	 135 	 10101000 	 168 	 6747016 	 127	 111	 67	 121	 22	 172	 
2021-05-18 09:24:53	 102 	c1254 	5177 	 141 	 01110100 	 116 	 7179328 	 127	 111	 68	 121	 22	 173	 
2021-05-18 09:31:31	 857 	c1254 	5178 	 148 	 01110100 	 116 	 11556712 	 127	 111	 69	 121	 22	 174	 
2021-05-18 09:31:33	 956 	c1254 	5179 	 158 	 10110100 	 180 	 11579608 	 127	 112	 69	 121	 22	 174	 
2021-05-18 09:31:44	1060 	c1254 	5180 	 164 	 01111000 	 120 	 11701264 	 127	 112	 69	 122	 22	 174	 
2021-05-18 09:32:04	 304 	c1254 	5181 	 168 	 01010100 	 84 	 11913496 	 128	 112	 69	 122	 22	 174	 
2021-05-18 09:32:05	1059 	c1254 	5182 	 174 	 01110100 	 116 	 11931616 	 128	 112	 70	 122	 22	 175	 
2021-05-18 09:32:07	 658 	c1254 	5183 	 180 	 01110100 	 116 	 11949760 	 128	 112	 71	 122	 22	 175	 
2021-05-18 09:32:09	 662 	c1254 	5184 	 188 	 01110100 	 116 	 11971744 	 128	 112	 72	 122	 22	 175	 
2021-05-18 09:36:40	 644 	c1254 	5185 	 195 	 10110100 	 180 	 14942824 	 128	 113	 72	 122	 22	 176	 
2021-05-18 09:43:02	 516 	c1254 	5186 	 201 	 01111000 	 120 	 2350224 	 128	 113	 72	 123	 22	 176	 
2021-05-18 09:45:26	 569 	c1254 	5187 	 207 	 01110100 	 116 	 3928056 	 128	 113	 73	 123	 22	 177	 
2021-05-18 09:45:28	 943 	c1254 	5189 	 217 	 10110100 	 180 	 3953520 	 128	 114	 73	 123	 22	 177	 
2021-05-18 09:45:41	 247 	c1254 	5190 	 221 	 10101000 	 168 	 4089336 	 129	 114	 73	 123	 22	 177	 
2021-05-18 09:45:44	 193 	c1254 	5191 	 227 	 01111000 	 120 	 4121688 	 129	 114	 73	 124	 22	 177	 
2021-05-18 09:52:46	 895 	c1254 	5192 	 233 	 01110100 	 116 	 8750904 	 129	 114	 74	 124	 22	 178	 
2021-05-18 09:52:49	 468 	c1254 	5193 	 241 	 01110100 	 116 	 8779752 	 129	 114	 75	 124	 22	 178	 
2021-05-18 09:52:58	 597 	c1254 	5194 	 247 	 01111000 	 120 	 8879568 	 129	 114	 75	 125	 22	 178	 
2021-05-18 09:53:47	  72 	c1254 	5195 	 1 	 10110100 	 180 	 9411336 	 129	 115	 75	 125	 22	 179	 
2021-05-18 09:53:53	 696 	c1254 	5196 	 7 	 01111000 	 120 	 9482952 	 129	 115	 75	 126	 22	 179	 
2021-05-18 09:54:39	 122 	c1254 	5197 	 15 	 10110100 	 180 	 9981288 	 129	 116	 75	 126	 22	 180	 
2021-05-18 09:55:03	 312 	c1254 	5198 	 21 	 01111000 	 120 	 10245960 	 129	 116	 75	 127	 22	 180	 
2021-05-18 09:55:57	 141 	c1254 	5199 	 27 	 01110100 	 116 	 10835808 	 129	 116	 76	 127	 22	 181	 
2021-05-18 09:55:59	  41 	c1254 	5200 	 37 	 01110100 	 116 	 10856784 	 129	 116	 77	 127	 22	 181	 
2021-05-18 09:56:28	  21 	c1254 	5201 	 44 	 01111000 	 120 	 11174160 	 129	 116	 77	 128	 22	 181	 
2021-05-18 09:58:43	 665 	c1254 	5202 	 48 	 01010100 	 84 	 12658872 	 130	 116	 77	 128	 22	 181	 
2021-05-18 09:58:45	 184 	c1254 	5203 	 54 	 01110100 	 116 	 12676248 	 130	 116	 78	 128	 22	 182	 
2021-05-18 09:59:12	 604 	c1254 	5204 	 61 	 01111000 	 120 	 12976008 	 130	 116	 78	 129	 22	 182	 
2021-05-18 10:01:16	  77 	c1254 	5205 	 67 	 01110100 	 116 	 14329632 	 130	 116	 79	 129	 22	 183	 
2021-05-18 10:01:17	 815 	c1254 	5206 	 77 	 10110100 	 180 	 14347584 	 130	 117	 79	 129	 22	 183	 
2021-05-18 10:02:06	 218 	c1254 	5207 	 83 	 01111000 	 120 	 14878896 	 130	 117	 79	 130	 22	 183	 
2021-05-18 10:04:09	 303 	c1254 	5208 	 89 	 01110100 	 116 	 16227432 	 130	 117	 80	 130	 22	 184	 
2021-05-18 10:04:11	  77 	c1254 	5209 	 99 	 10110100 	 180 	 16247232 	 130	 118	 80	 130	 22	 184	 
2021-05-18 10:04:39	 243 	c1254 	5211 	 107 	 10111000 	 184 	 16555680 	 130	 118	 80	 130	 23	 184	 
2021-05-18 10:05:25	 705 	c1254 	5212 	 115 	 10110100 	 180 	 286808 	 130	 119	 80	 130	 23	 185	 
2021-05-18 10:05:35	1060 	c1254 	5213 	 121 	 01111000 	 120 	 399752 	 130	 119	 80	 131	 23	 185	 
2021-05-18 10:06:27	 888 	c1254 	5214 	 129 	 01110100 	 116 	 967928 	 130	 119	 81	 131	 23	 186	 
2021-05-18 10:06:40	 492 	c1254 	5215 	 136 	 01111000 	 120 	 1106624 	 130	 119	 81	 132	 23	 186	 
2021-05-18 10:07:31	 972 	c1254 	5216 	 142 	 01110100 	 116 	 1669928 	 130	 119	 82	 132	 23	 187	 
2021-05-18 10:07:34	 832 	c1254 	5217 	 150 	 10110100 	 180 	 1701488 	 130	 120	 82	 132	 23	 187	 
2021-05-18 10:07:44	 318 	c1254 	5218 	 156 	 01111000 	 120 	 1806200 	 130	 120	 82	 133	 23	 187	 
2021-05-18 10:09:40	 432 	c1254 	5219 	 162 	 01110100 	 116 	 3078104 	 130	 120	 83	 133	 23	 188	 
2021-05-18 10:09:42	 920 	c1254 	5220 	 172 	 10110100 	 180 	 3104648 	 130	 121	 83	 133	 23	 188	 
2021-05-18 10:09:55	  82 	c1254 	5221 	 178 	 10111000 	 184 	 3239144 	 130	 121	 83	 133	 24	 188	 
2021-05-18 10:09:56	 969 	c1254 	5222 	 184 	 01111000 	 120 	 3258488 	 130	 121	 83	 134	 24	 188	 
2021-05-18 10:11:07	 793 	c1254 	5223 	 196 	 10110100 	 180 	 4034624 	 130	 122	 83	 134	 24	 189	 
2021-05-18 10:13:27	 402 	c1254 	5224 	 202 	 01110100 	 116 	 5564504 	 130	 122	 84	 134	 24	 190	 
2021-05-18 10:13:30	 690 	c1254 	5226 	 208 	 01010100 	 84 	 5600096 	 131	 122	 84	 134	 24	 190	 
2021-05-18 10:14:01	  56 	c1254 	5227 	 213 	 10101000 	 168 	 5933624 	 132	 122	 84	 134	 24	 190	 
2021-05-18 10:17:41	  85 	c1254 	5228 	 217 	 10101000 	 168 	 8343152 	 133	 122	 84	 134	 24	 190	 
2021-05-18 10:19:12	1045 	c1254 	5229 	 221 	 10101000 	 168 	 9349016 	 134	 122	 84	 134	 24	 190	 
2021-05-18 10:56:23	  66 	c1254 	5231 	 235 	 10111000 	 184 	 245760 	 134	 122	 84	 134	 25	 190	 
2021-05-18 10:56:26	 891 	c1254 	5232 	 239 	 10101000 	 168 	 286536 	 135	 122	 84	 134	 25	 190	 
2021-05-18 11:05:11	 687 	c1254 	5233 	 243 	 10101000 	 168 	 6054864 	 136	 122	 84	 134	 25	 190	 
2021-05-18 11:05:33	 225 	c1254 	5234 	 251 	 10111000 	 184 	 6292392 	 136	 122	 84	 134	 26	 190	 
2021-05-18 11:12:45	1143 	c1254 	5235 	 255 	 10101000 	 168 	 11051712 	 137	 122	 84	 134	 26	 190	 
2021-05-18 11:14:13	 380 	c1254 	5236 	 3 	 10101000 	 168 	 12012432 	 138	 122	 84	 134	 26	 190	 
2021-05-18 11:15:36	 153 	c1254 	5238 	 9 	 10101000 	 168 	 12923760 	 139	 122	 84	 134	 26	 190	 
2021-05-18 11:15:54	  83 	c1254 	5239 	 13 	 10101000 	 168 	 13121304 	 140	 122	 84	 134	 26	 190	 
2021-05-18 11:16:48	 382 	c1254 	5240 	 19 	 01110100 	 116 	 13718928 	 140	 122	 85	 134	 26	 191	 
2021-05-18 11:19:05	 391 	c1254 	5242 	 26 	 10101000 	 168 	 15227976 	 141	 122	 85	 134	 26	 191	 
2021-05-18 11:19:28	 359 	c1254 	5243 	 32 	 10111000 	 184 	 15480912 	 141	 122	 85	 134	 27	 191	 
2021-05-18 11:19:51	 282 	c1254 	5245 	 50 	 01110100 	 116 	 15733512 	 141	 122	 86	 134	 27	 192	 
2021-05-18 11:20:16	 112 	c1254 	5246 	 55 	 01010100 	 84 	 16007136 	 142	 122	 86	 134	 27	 192	 
2021-05-18 11:23:35	 853 	c1254 	5247 	 59 	 01010100 	 84 	 1429712 	 143	 122	 86	 134	 27	 192	 
2021-05-18 11:23:36	 416 	c1254 	5248 	 63 	 01010100 	 84 	 1436576 	 144	 122	 86	 134	 27	 192	 
2021-05-18 11:23:40	 810 	c1254 	5249 	 69 	 01110100 	 116 	 1484432 	 144	 122	 87	 134	 27	 193	 
2021-05-18 11:23:43	 223 	c1254 	5250 	 75 	 10110100 	 180 	 1511936 	 144	 123	 87	 134	 27	 193	 
2021-05-18 11:23:54	 497 	c1254 	5251 	 85 	 01111000 	 120 	 1635800 	 144	 123	 87	 135	 27	 193	 
2021-05-18 11:24:46	 289 	c1254 	5252 	 89 	 01010100 	 84 	 2207216 	 145	 123	 87	 135	 27	 193	 
2021-05-18 11:25:20	 434 	c1254 	5253 	 93 	 01010100 	 84 	 2583536 	 146	 123	 87	 135	 27	 193	 
2021-05-18 11:25:22	 351 	c1254 	5254 	 99 	 01110100 	 116 	 2604800 	 146	 123	 88	 135	 27	 194	 
2021-05-18 11:25:23	 758 	c1254 	5255 	 105 	 01110100 	 116 	 2619704 	 146	 123	 89	 135	 27	 194	 
2021-05-18 11:25:24	 933 	c1254 	5256 	 111 	 01110100 	 116 	 2632400 	 146	 123	 90	 135	 27	 194	 
2021-05-18 11:27:21	 366 	c1254 	5257 	 116 	 01010100 	 84 	 3917576 	 147	 123	 90	 135	 27	 194	 
2021-05-18 11:27:23	1024 	c1254 	5258 	 122 	 01110100 	 116 	 3945896 	 147	 123	 91	 135	 27	 195	 
2021-05-18 11:27:32	 639 	c1254	8626 bytes to file.
Date	 Hmsec	 CounterID	 EventID	 CounterMsgID	 Status(bin)	 Status(dec)	 Timer[s/12000]	 Unclear	 Entry	 LookIn	 Exit	 LookOut	 Visits
2021-05-18 11:27:33	 188 	c1254 	5259 	 126 	 01010100 	 84 	 4019792 	 148	 123	 91	 135	 27	 195	 
2021-05-18 11:27:50	  77 	c1254 	5260 	 135 	 01110100 	 116 	 4234784 	 148	 123	 92	 135	 27	 196	 
2021-05-18 11:27:52	 530 	c1254 	5261 	 143 	 01110100 	 116 	 4261160 	 148	 123	 93	 135	 27	 196	 
2021-05-18 11:28:08	 257 	c1254 	5262 	 150 	 01110100 	 116 	 4435064 	 148	 123	 94	 135	 27	 197	 
2021-05-18 11:28:09	 595 	c1254 	5263 	 156 	 10110100 	 180 	 4449320 	 148	 124	 94	 135	 27	 197	 
2021-05-18 11:28:20	 337 	c1254 	5264 	 162 	 01111000 	 120 	 4568192 	 148	 124	 94	 136	 27	 197	 
2021-05-18 11:28:29	 205 	c1254 	5265 	 168 	 01110100 	 116 	 4666208 	 148	 124	 95	 136	 27	 198	 
2021-05-18 11:28:31	 239 	c1254 	5266 	 174 	 01110100 	 116 	 4688600 	 148	 124	 96	 136	 27	 198	 
2021-05-18 11:28:34	 382 	c1254 	5267 	 178 	 01010100 	 84 	 4723064 	 149	 124	 96	 136	 27	 198	 
2021-05-18 11:28:42	 476 	c1254 	5268 	 183 	 01010100 	 84 	 4812200 	 150	 124	 96	 136	 27	 198	 
2021-05-18 11:28:44	1043 	c1254 	5270 	 191 	 01110100 	 116 	 4839656 	 150	 124	 97	 136	 27	 199	 
2021-05-18 11:28:46	 819 	c1254 	5271 	 196 	 11110100 	 244 	 4859600 	 151	 124	 97	 136	 27	 199	 
2021-05-18 11:29:51	 873 	c1254 	5272 	 204 	 11110100 	 244 	 5577080 	 152	 124	 97	 136	 27	 199	 
2021-05-18 11:29:57	 313 	c1254 	5273 	 214 	 01111000 	 120 	 5637944 	 152	 124	 97	 137	 27	 199	 
2021-05-18 11:30:45	1051 	c1254 	5276 	 227 	 01111000 	 120 	 6174416 	 152	 124	 97	 138	 27	 199	 
2021-05-18 11:30:48	 512 	c1254 	5277 	 231 	 01010100 	 84 	 6202376 	 153	 124	 97	 138	 27	 199	 
2021-05-18 11:30:52	 972 	c1254 	5278 	 235 	 01010100 	 84 	 6250880 	 154	 124	 97	 138	 27	 199	 
2021-05-18 11:30:55	 384 	c1254 	5280 	 241 	 01010100 	 84 	 6278384 	 155	 124	 97	 138	 27	 199	 
2021-05-18 11:30:57	  88 	c1254 	5281 	 247 	 01110100 	 116 	 6297632 	 155	 124	 98	 138	 27	 200	 
2021-05-18 11:30:58	 958 	c1254 	5282 	 255 	 01110100 	 116 	 6316928 	 155	 124	 99	 138	 27	 200	 
2021-05-18 11:31:01	 483 	c1254 	5283 	 7 	 01110100 	 116 	 6345512 	 155	 124	 100	 138	 27	 200	 
2021-05-18 11:31:04	1158 	c1254 	5284 	 11 	 01010100 	 84 	 6385016 	 156	 124	 100	 138	 27	 200	 
2021-05-18 11:31:11	 276 	c1254 	5286 	 19 	 01110100 	 116 	 6453848 	 156	 124	 101	 138	 27	 200	 
2021-05-18 11:31:12	1077 	c1254 	5287 	 23 	 10101000 	 168 	 6472496 	 157	 124	 101	 138	 27	 200	 
2021-05-18 11:31:22	 559 	c1254 	5288 	 30 	 01111000 	 120 	 6577880 	 157	 124	 101	 139	 27	 200	 
2021-05-18 11:32:14	1113 	c1254 	5289 	 36 	 01110100 	 116 	 7156856 	 157	 124	 102	 139	 27	 201	 
2021-05-18 11:32:17	 961 	c1254 	5291 	 44 	 01110100 	 116 	 7188512 	 157	 124	 103	 139	 27	 201	 
2021-05-18 11:32:23	 198 	c1254 	5292 	 54 	 10110100 	 180 	 7247456 	 157	 125	 103	 139	 27	 201	 
2021-05-18 11:32:39	 678 	c1254 	5293 	 62 	 10111000 	 184 	 7428560 	 157	 125	 103	 139	 28	 201	 
2021-05-18 11:32:40	 916 	c1254 	5294 	 69 	 11111000 	 248 	 7441856 	 158	 125	 103	 139	 28	 201	 
2021-05-18 11:36:09	 889 	c1254 	5295 	 75 	 10110100 	 180 	 9748808 	 158	 126	 103	 139	 28	 202	 
2021-05-18 11:36:36	 553 	c1254 	5297 	 88 	 01111000 	 120 	 10043744 	 158	 126	 103	 140	 28	 202	 
2021-05-18 11:36:43	 115 	c1254 	5298 	 94 	 10110100 	 180 	 10116872 	 158	 127	 103	 140	 28	 203	 
2021-05-18 11:36:54	 130 	c1254 	5299 	 100 	 01111000 	 120 	 10238480 	 158	 127	 103	 141	 28	 203	 
2021-05-18 11:38:24	 442 	c1254 	5300 	 106 	 10110100 	 180 	 11235320 	 158	 128	 103	 141	 28	 204	 
2021-05-18 11:38:33	 457 	c1254 	5301 	 115 	 01111000 	 120 	 11334848 	 158	 128	 103	 142	 28	 204	 
2021-05-18 11:38:37	 435 	c1254 	5307 	 135 	 10110100 	 180 	 11378816 	 158	 129	 103	 142	 28	 205	 
2021-05-18 11:38:46	 475 	c1254 	5310 	 151 	 01111000 	 120 	 11478608 	 158	 129	 103	 143	 28	 205	 
2021-05-18 11:41:23	  72 	c1254 	5312 	 159 	 10110100 	 180 	 13209368 	 158	 130	 103	 143	 28	 206	 
2021-05-18 11:41:34	 209 	c1254 	5313 	 165 	 01111000 	 120 	 13332296 	 158	 130	 103	 144	 28	 206	 
2021-05-18 11:43:28	 161 	c1254 	5314 	 171 	 10110100 	 180 	 14592824 	 158	 131	 103	 144	 28	 207	 
2021-05-18 11:43:39	 197 	c1254 	5315 	 180 	 11111000 	 248 	 14714888 	 159	 131	 103	 144	 28	 207	 
2021-05-18 11:45:36	   2 	c1254 	5316 	 188 	 10110100 	 180 	 16008512 	 159	 132	 103	 144	 28	 208	 
2021-05-18 11:45:49	 946 	c1254 	5317 	 196 	 01111000 	 120 	 16161536 	 159	 132	 103	 145	 28	 208	 
2021-05-18 11:46:18	 299 	c1254 	5318 	 204 	 10110100 	 180 	 16476728 	 159	 133	 103	 145	 28	 209	 
2021-05-18 11:46:24	 594 	c1254 	5319 	 210 	 01111000 	 120 	 16546040 	 159	 133	 103	 146	 28	 209	 
2021-05-18 11:46:54	 329 	c1254 	5320 	 217 	 10110100 	 180 	 98896 	 159	 134	 103	 146	 28	 210	 
2021-05-18 11:47:01	 263 	c1254 	5321 	 222 	 11111000 	 248 	 175888 	 160	 134	 103	 146	 28	 210	 
2021-05-18 11:47:28	 108 	c1254 	5322 	 230 	 10110100 	 180 	 473848 	 160	 135	 103	 146	 28	 211	 
2021-05-18 11:47:33	1128 	c1254 	5323 	 236 	 01111000 	 120 	 539032 	 160	 135	 103	 147	 28	 211	 
2021-05-18 11:50:42	 160 	c1254 	5325 	 244 	 01110100 	 116 	 2627608 	 160	 135	 104	 147	 28	 212	 
2021-05-18 11:50:49	 618 	c1254 	5326 	 253 	 01111000 	 120 	 2709712 	 160	 135	 104	 148	 28	 212	 
2021-05-18 11:53:54	 703 	c1254 	5327 	 4 	 11110100 	 244 	 4764520 	 161	 135	 104	 148	 28	 212	 
2021-05-18 11:54:07	 221 	c1254 	5328 	 14 	 01111000 	 120 	 4904248 	 161	 135	 104	 149	 28	 212	 
2021-05-18 11:55:43	 934 	c1254 	5329 	 20 	 10110100 	 180 	 5976976 	 161	 136	 104	 149	 28	 213	 
2021-05-18 11:56:03	 484 	c1254 	5332 	 32 	 01111000 	 120 	 6194728 	 161	 136	 104	 150	 28	 213	 
2021-05-18 11:56:43	1065 	c1254 	5333 	 38 	 10110100 	 180 	 6644512 	 161	 137	 104	 150	 28	 214	 
2021-05-18 11:56:50	 240 	c1254 	5334 	 44 	 01111000 	 120 	 6714400 	 161	 137	 104	 151	 28	 214	 
2021-05-18 12:01:19	 843 	c1254 	5335 	 48 	 01010100 	 84 	 9713728 	 162	 137	 104	 151	 28	 214	 
2021-05-18 12:01:20	1129 	c1254 	5336 	 54 	 10110100 	 180 	 9727600 	 162	 138	 104	 151	 28	 215	 
2021-05-18 12:01:26	 488 	c1254 	5338 	 61 	 01111000 	 120 	 9788296 	 162	 138	 104	 152	 28	 215	 
2021-05-18 12:02:58	 706 	c1254 	5339 	 65 	 01010100 	 84 	 10814872 	 163	 138	 104	 152	 28	 215	 
2021-05-18 12:03:01	 179 	c1254 	5340 	 71 	 01110100 	 116 	 10843216 	 163	 138	 105	 152	 28	 216	 
2021-05-18 12:03:02	 702 	c1254 	5341 	 77 	 01110100 	 116 	 10859344 	 163	 138	 106	 152	 28	 216	 
2021-05-18 12:03:14	 490 	c1254 	5342 	 84 	 01111000 	 120 	 10990864 	 163	 138	 106	 153	 28	 216	 
2021-05-18 12:05:13	 678 	c1254 	5343 	 94 	 10110100 	 180 	 12316552 	 163	 139	 106	 153	 28	 217	 
2021-05-18 12:05:23	  45 	c1254 	5345 	 102 	 01111000 	 120 	 12421672 	 163	 139	 106	 154	 28	 217	 
2021-05-18 12:05:30	 725 	c1254 	5346 	 108 	 10110100 	 180 	 12505984 	 163	 140	 106	 154	 28	 218	 
2021-05-18 12:05:43	 477 	c1254 	5347 	 116 	 01111000 	 120 	 12648088 	 163	 140	 106	 155	 28	 218	 
2021-05-18 12:06:36	1077 	c1254 	5348 	 122 	 10110100 	 180 	 13242568 	 163	 141	 106	 155	 28	 219	 
2021-05-18 12:06:47	  26 	c1254 	5350 	 130 	 11111000 	 248 	 13354720 	 164	 141	 106	 155	 28	 219	 
2021-05-18 12:07:09	 182 	c1254 	5351 	 136 	 10110100 	 180 	 13600528 	 164	 142	 106	 155	 28	 220	 
2021-05-18 12:07:18	 112 	c1254	7468 bytes to file.
Date	 Hmsec	 CounterID	 EventID	 CounterMsgID	 Status(bin)	 Status(dec)	 Timer[s/12000]	 Unclear	 Entry	 LookIn	 Exit	 LookOut	 Visits
2021-05-18 12:07:18	1069 	c1254 	5352 	 144 	 01111000 	 120 	 13693192 	 164	 142	 106	 156	 28	 220	 
2021-05-18 12:08:59	 700 	c1254 	5353 	 150 	 10110100 	 180 	 14826640 	 164	 143	 106	 156	 28	 221	 
2021-05-18 12:09:06	 773 	c1254 	5354 	 160 	 01111000 	 120 	 14904976 	 164	 143	 106	 157	 28	 221	 
2021-05-18 12:09:57	 226 	c1254 	5356 	 170 	 01110100 	 116 	 15465520 	 164	 143	 107	 157	 28	 222	 
2021-05-18 12:10:11	 603 	c1254 	5357 	 177 	 01111000 	 120 	 15624448 	 164	 143	 107	 158	 28	 222	 
2021-05-18 12:11:15	1136 	c1254 	5360 	 187 	 10110100 	 180 	 16339336 	 164	 144	 107	 158	 28	 223	 
2021-05-18 12:11:16	1080 	c1254 	5362 	 193 	 10101000 	 168 	 16349896 	 165	 144	 107	 158	 28	 223	 
2021-05-18 12:11:29	 180 	c1254 	5363 	 199 	 01111000 	 120 	 16485472 	 165	 144	 107	 159	 28	 223	 
2021-05-18 12:12:24	  31 	c1254 	5365 	 210 	 10110100 	 180 	 316560 	 165	 145	 107	 159	 28	 224	 
2021-05-18 12:12:35	 587 	c1254 	5367 	 221 	 01111000 	 120 	 443808 	 165	 145	 107	 160	 28	 224	 
2021-05-18 12:13:11	1076 	c1254 	5369 	 231 	 10110100 	 180 	 847488 	 165	 146	 107	 160	 28	 225	 
2021-05-18 12:13:18	1110 	c1254 	5370 	 236 	 11111000 	 248 	 925368 	 166	 146	 107	 160	 28	 225	 
2021-05-18 12:13:45	 209 	c1254 	5374 	 252 	 01110100 	 116 	 1216008 	 166	 146	 108	 160	 28	 226	 
2021-05-18 12:13:45	1037 	c1254 	5376 	 2 	 01010100 	 84 	 1223904 	 167	 146	 108	 160	 28	 226	 
2021-05-18 12:13:54	 920 	c1254 	5379 	 16 	 01110100 	 116 	 1322544 	 167	 146	 109	 160	 28	 226	 
2021-05-18 12:14:28	 877 	c1254 	5380 	 23 	 10110100 	 180 	 1698864 	 167	 147	 109	 160	 28	 227	 
2021-05-18 12:14:34	1005 	c1254 	5381 	 33 	 01111000 	 120 	 1766568 	 167	 147	 109	 161	 28	 227	 
2021-05-18 12:16:37	  22 	c1254 	5382 	 39 	 10110100 	 180 	 3119952 	 167	 148	 109	 161	 28	 228	 
2021-05-18 12:16:47	1115 	c1254 	5383 	 45 	 01111000 	 120 	 3241128 	 167	 148	 109	 162	 28	 228	 
2021-05-18 12:17:41	 445 	c1254 	5385 	 54 	 11110100 	 244 	 3832848 	 168	 148	 109	 162	 28	 228	 
2021-05-18 12:17:51	 574 	c1254 	5387 	 64 	 01111000 	 120 	 3944808 	 168	 148	 109	 163	 28	 228	 
2021-05-18 12:17:57	 510 	c1254 	5389 	 72 	 10110100 	 180 	 4010640 	 168	 149	 109	 163	 28	 229	 
2021-05-18 12:19:21	 871 	c1254 	5394 	 90 	 01110100 	 116 	 4944168 	 168	 149	 110	 163	 28	 230	 
2021-05-18 12:19:24	 179 	c1254 	5397 	 100 	 01110100 	 116 	 4970784 	 168	 149	 111	 163	 28	 230	 
2021-05-18 12:19:30	1120 	c1254 	5398 	 106 	 01111000 	 120 	 5046168 	 168	 149	 111	 164	 28	 230	 
2021-05-18 12:20:45	 269 	c1254 	5399 	 112 	 01110100 	 116 	 5868240 	 168	 149	 112	 164	 28	 231	 
2021-05-18 12:20:46	 334 	c1254 	5401 	 120 	 01110100 	 116 	 5879928 	 168	 149	 113	 164	 28	 231	 
2021-05-18 12:20:53	 467 	c1254 	5405 	 136 	 01111000 	 120 	 5958672 	 168	 149	 113	 165	 28	 231	 
2021-05-18 12:20:58	 710 	c1254 	5406 	 142 	 10110100 	 180 	 6016344 	 168	 150	 113	 165	 28	 232	 
2021-05-18 12:21:03	 563 	c1254 	5407 	 147 	 11111000 	 248 	 6070296 	 169	 150	 113	 165	 28	 232	 
2021-05-18 12:23:10	 757 	c1254 	5409 	 155 	 10110100 	 180 	 7477680 	 169	 151	 113	 165	 28	 233	 
2021-05-18 12:23:19	1051 	c1254 	5410 	 163 	 01111000 	 120 	 7580040 	 169	 151	 113	 166	 28	 233	 
2021-05-18 12:23:22	 937 	c1254 	5411 	 171 	 10110100 	 180 	 7612152 	 169	 152	 113	 166	 28	 234	 
2021-05-18 12:23:32	 456 	c1254 	5412 	 179 	 01111000 	 120 	 7718232 	 169	 152	 113	 167	 28	 234	 
2021-05-18 12:25:53	 228 	c1254 	5413 	 190 	 10110100 	 180 	 9276504 	 169	 153	 113	 167	 28	 235	 
2021-05-18 12:25:58	 944 	c1254 	5414 	 198 	 10111000 	 184 	 9338664 	 169	 153	 113	 167	 29	 235	 
2021-05-18 12:26:00	 606 	c1254 	5415 	 208 	 01111000 	 120 	 9357576 	 169	 153	 113	 168	 29	 235	 
2021-05-18 12:27:11	 103 	c1254 	5416 	 215 	 10110100 	 180 	 10138392 	 169	 154	 113	 168	 29	 236	 
2021-05-18 12:27:17	 242 	c1254 	5417 	 221 	 10101000 	 168 	 10206096 	 170	 154	 113	 168	 29	 236	 
2021-05-18 12:27:18	 464 	c1254 	5418 	 227 	 01111000 	 120 	 10219272 	 170	 154	 113	 169	 29	 236	 
2021-05-18 12:29:39	 405 	c1254 	5420 	 235 	 10110100 	 180 	 11778408 	 170	 155	 113	 169	 29	 237	 
2021-05-18 12:29:47	1078 	c1254 	5422 	 243 	 01111000 	 120 	 11873280 	 170	 155	 113	 170	 29	 237	 
2021-05-18 12:30:04	 255 	c1254 	5423 	 249 	 10110100 	 180 	 12053448 	 170	 156	 113	 170	 29	 238	 
2021-05-18 12:30:14	 375 	c1254 	5425 	 5 	 01111000 	 120 	 12165168 	 170	 156	 113	 171	 29	 238	 
2021-05-18 12:30:27	 919 	c1254 	5426 	 10 	 11110100 	 244 	 12314064 	 171	 156	 113	 171	 29	 238	 
2021-05-18 12:30:50	  77 	c1254 	5427 	 16 	 01111000 	 120 	 12560328 	 171	 156	 113	 172	 29	 238	 
2021-05-18 12:32:42	 975 	c1254 	5428 	 22 	 10110100 	 180 	 13807032 	 171	 157	 113	 172	 29	 239	 
2021-05-18 12:32:55	1041 	c1254 	5429 	 28 	 01111000 	 120 	 13951392 	 171	 157	 113	 173	 29	 239	 
2021-05-18 12:41:12	 389 	c1254 	5430 	 32 	 01010100 	 84 	 2662280 	 172	 157	 113	 173	 29	 239	 
2021-05-18 12:41:17	 515 	c1254 	5431 	 41 	 01110100 	 116 	 2718752 	 172	 157	 114	 173	 29	 240	 
2021-05-18 12:41:24	1132 	c1254 	5434 	 53 	 01111000 	 120 	 2802008 	 172	 157	 114	 174	 29	 240	 
2021-05-18 12:41:46	 371 	c1254 	5435 	 59 	 10110100 	 180 	 3037952 	 172	 158	 114	 174	 29	 241	 
2021-05-18 12:43:55	 727 	c1254 	5437 	 67 	 01111000 	 120 	 4467104 	 172	 158	 114	 175	 29	 241	 
2021-05-18 12:43:57	 915 	c1254 	5440 	 79 	 10111000 	 184 	 4491008 	 172	 158	 114	 175	 30	 241	 
2021-05-18 12:45:42	 712 	c1254 	5442 	 91 	 01111000 	 120 	 5649608 	 172	 158	 114	 176	 30	 241	 
2021-05-18 12:47:39	 379 	c1254 	5443 	 97 	 10110100 	 180 	 6940400 	 172	 159	 114	 176	 30	 242	 
2021-05-18 12:47:52	 220 	c1254 	5444 	 101 	 10101000 	 168 	 7082720 	 173	 159	 114	 176	 30	 242	 
2021-05-18 12:47:53	1127 	c1254 	5445 	 113 	 01111000 	 120 	 7102424 	 173	 159	 114	 177	 30	 242	 
2021-05-18 12:47:58	 156 	c1254 	5446 	 121 	 10110100 	 180 	 7148480 	 173	 160	 114	 177	 30	 243	 
2021-05-18 12:48:04	1122 	c1254 	5447 	 127 	 01111000 	 120 	 7224056 	 173	 160	 114	 178	 30	 243	 
2021-05-18 12:51:40	 528 	c1254 	5448 	 134 	 11110100 	 244 	 9608816 	 174	 160	 114	 178	 30	 243	 
2021-05-18 12:51:47	 473 	c1254 	5449 	 144 	 01111000 	 120 	 9685784 	 174	 160	 114	 179	 30	 243	 
2021-05-18 12:51:56	  89 	c1254	6473 bytes to file.
Date	 Hmsec	 CounterID	 EventID	 CounterMsgID	 Status(bin)	 Status(dec)	 Timer[s/12000]	 Unclear	 Entry	 LookIn	 Exit	 LookOut	 Visits
2021-05-18 12:52:23	1023 	c1254 	5450 	 150 	 01110100 	 116 	 10089464 	 174	 160	 115	 179	 30	 244	 
2021-05-18 12:52:27	 308 	c1254 	5451 	 162 	 10110100 	 180 	 10126928 	 174	 161	 115	 179	 30	 244	 
2021-05-18 12:52:28	  45 	c1254 	5452 	 168 	 01111000 	 120 	 10135496 	 174	 161	 115	 180	 30	 244	 
2021-05-18 12:52:30	 611 	c1254 	5455 	 180 	 01110100 	 116 	 10163024 	 174	 161	 116	 180	 30	 245	 
2021-05-18 12:52:31	1023 	c1254 	5457 	 192 	 01110100 	 116 	 10178024 	 174	 161	 117	 180	 30	 245	 
2021-05-18 12:52:32	 640 	c1254 	5458 	 198 	 01111000 	 120 	 10185440 	 174	 161	 117	 181	 30	 245	 
2021-05-18 12:52:42	 999 	c1254 	5461 	 212 	 01110100 	 116 	 10299536 	 174	 161	 118	 181	 30	 246	 
2021-05-18 12:52:43	 691 	c1254 	5463 	 222 	 01110100 	 116 	 10307672 	 174	 161	 119	 181	 30	 246	 
2021-05-18 12:53:00	 183 	c1254 	5464 	 229 	 01110100 	 116 	 10490984 	 174	 161	 120	 181	 30	 247	 
2021-05-18 12:53:03	 565 	c1254 	5465 	 235 	 01110100 	 116 	 10527824 	 174	 161	 121	 181	 30	 247	 
2021-05-18 12:53:04	 234 	c1254 	5466 	 243 	 01110100 	 116 	 10535744 	 174	 161	 122	 181	 30	 247	 
2021-05-18 12:53:05	 155 	c1254 	5467 	 255 	 01110100 	 116 	 10546064 	 174	 161	 123	 181	 30	 247	 
2021-05-18 12:53:20	1019 	c1254 	5468 	 6 	 01110100 	 116 	 10720304 	 174	 161	 124	 181	 30	 248	 
2021-05-18 12:53:21	 980 	c1254 	5470 	 16 	 01110100 	 116 	 10731008 	 174	 161	 125	 181	 30	 248	 
2021-05-18 12:53:22	 924 	c1254 	5472 	 26 	 01110100 	 116 	 10741544 	 174	 161	 126	 181	 30	 248	 
2021-05-18 12:53:23	 722 	c1254 	5473 	 30 	 01010100 	 84 	 10750688 	 175	 161	 126	 181	 30	 248	 
2021-05-18 12:53:24	1104 	c1254 	5475 	 40 	 01110100 	 116 	 10765400 	 175	 161	 127	 181	 30	 248	 
2021-05-18 12:53:25	1089 	c1254 	5477 	 50 	 01110100 	 116 	 10776320 	 175	 161	 128	 181	 30	 248	 
2021-05-18 12:53:27	 380 	c1254 	5479 	 60 	 01110100 	 116 	 10791704 	 175	 161	 129	 181	 30	 248	 
2021-05-18 12:53:29	 298 	c1254 	5481 	 70 	 01110100 	 116 	 10813064 	 175	 161	 130	 181	 30	 248	 
2021-05-18 12:53:30	 630 	c1254 	5483 	 80 	 01110100 	 116 	 10827296 	 175	 161	 131	 181	 30	 248	 
2021-05-18 12:53:31	 742 	c1254 	5485 	 90 	 01110100 	 116 	 10839440 	 175	 161	 132	 181	 30	 248	 
2021-05-18 12:53:32	 968 	c1254 	5487 	 100 	 01110100 	 116 	 10852664 	 175	 161	 133	 181	 30	 248	 
2021-05-18 12:53:33	1032 	c1254 	5489 	 116 	 01110100 	 116 	 10864352 	 175	 161	 134	 181	 30	 248	 
2021-05-18 12:53:37	 498 	c1254 	5492 	 130 	 01110100 	 116 	 10903544 	 175	 161	 135	 181	 30	 248	 
2021-05-18 12:53:38	 520 	c1254 	5495 	 144 	 01110100 	 116 	 10914824 	 175	 161	 136	 181	 30	 248	 
2021-05-18 12:53:39	 839 	c1254 	5497 	 154 	 01110100 	 116 	 10928936 	 175	 161	 137	 181	 30	 248	 
2021-05-18 12:53:40	 914 	c1254 	5500 	 170 	 01110100 	 116 	 10940720 	 175	 161	 138	 181	 30	 248	 
2021-05-18 12:53:43	 295 	c1254 	5502 	 182 	 01110100 	 116 	 10968032 	 175	 161	 139	 181	 30	 248	 
2021-05-18 12:53:44	 155 	c1254 	5505 	 196 	 01110100 	 116 	 10977776 	 175	 161	 140	 181	 30	 248	 
2021-05-18 12:53:45	 698 	c1254 	5507 	 205 	 01110100 	 116 	 10994024 	 175	 161	 141	 181	 30	 248	 
2021-05-18 12:53:46	1042 	c1254 	5509 	 215 	 01110100 	 116 	 11008376 	 175	 161	 142	 181	 30	 248	 
2021-05-18 12:53:47	1084 	c1254 	5511 	 225 	 01110100 	 116 	 11019848 	 175	 161	 143	 181	 30	 248	 
2021-05-18 12:56:10	 797 	c1254 	5514 	 238 	 01110100 	 116 	 12600608 	 175	 161	 144	 181	 30	 249	 
2021-05-18 12:56:11	 639 	c1254 	5515 	 242 	 01010100 	 84 	 12610184 	 176	 161	 144	 181	 30	 249	 
2021-05-18 12:56:12	 432 	c1254 	5516 	 246 	 01010100 	 84 	 12619280 	 177	 161	 144	 181	 30	 249	 
2021-05-18 12:56:34	 345 	c1254 	5517 	 253 	 01110100 	 116 	 12862112 	 177	 161	 145	 181	 30	 250	 
2021-05-18 12:56:38	 390 	c1254 	5518 	 7 	 01110100 	 116 	 12906848 	 177	 161	 146	 181	 30	 250	 
2021-05-18 12:56:40	 846 	c1254 	5519 	 15 	 01110100 	 116 	 12933368 	 177	 161	 147	 181	 30	 250	 
2021-05-18 12:56:43	 410 	c1254 	5520 	 21 	 01110100 	 116 	 12962456 	 177	 161	 148	 181	 30	 250	 
2021-05-18 12:56:47	 369 	c1254 	5522 	 31 	 01110100 	 116 	 13006376 	 177	 161	 149	 181	 30	 250	 
2021-05-18 12:56:50	1033 	c1254 	5523 	 39 	 01110100 	 116 	 13045952 	 177	 161	 150	 181	 30	 250	 
2021-05-18 12:57:16	 175 	c1254 	5524 	 44 	 01010100 	 84 	 13325768 	 178	 161	 150	 181	 30	 250	 
2021-05-18 12:57:38	 363 	c1254 	5526 	 52 	 01110100 	 116 	 13571240 	 178	 161	 151	 181	 30	 251	 
2021-05-18 12:57:40	 751 	c1254 	5527 	 56 	 01010100 	 84 	 13597088 	 179	 161	 151	 181	 30	 251	 
2021-05-18 12:57:43	 852 	c1254 	5528 	 64 	 01110100 	 116 	 13631288 	 179	 161	 152	 181	 30	 251	 
2021-05-18 12:57:45	  92 	c1254 	5529 	 70 	 01110100 	 116 	 13646192 	 179	 161	 153	 181	 30	 251	 
2021-05-18 12:57:46	  98 	c1254 	5531 	 80 	 01110100 	 116 	 13657328 	 179	 161	 154	 181	 30	 251	 
2021-05-18 13:02:37	 650 	c1254 	5532 	 85 	 10101000 	 168 	 107320 	 180	 161	 154	 181	 30	 251	 
2021-05-18 13:02:42	 551 	c1254 	5534 	 97 	 10111000 	 184 	 161728 	 180	 161	 154	 181	 31	 251	 
2021-05-18 13:02:44	 565 	c1254 	5536 	 109 	 10111000 	 184 	 184000 	 180	 161	 154	 181	 32	 251	 
2021-05-18 13:02:48	 130 	c1254 	5537 	 115 	 10111000 	 184 	 224128 	 180	 161	 154	 181	 33	 251	 
2021-05-18 13:02:54	 977 	c1254 	5539 	 125 	 10111000 	 184 	 298624 	 180	 161	 154	 181	 34	 251	 
2021-05-18 13:06:10	1140 	c1254 	5541 	 135 	 10111000 	 184 	 2468800 	 180	 161	 154	 181	 35	 251	 
2021-05-18 13:06:12	 482 	c1254 	5542 	 141 	 10111000 	 184 	 2484664 	 180	 161	 154	 181	 36	 251	 
2021-05-18 13:06:16	 950 	c1254 	5545 	 153 	 10110100 	 180 	 2533384 	 180	 162	 154	 181	 36	 252	 
2021-05-18 13:06:25	  31 	c1254	5886 bytes to file.
Date	 Hmsec	 CounterID	 EventID	 CounterMsgID	 Status(bin)	 Status(dec)	 Timer[s/12000]	 Unclear	 Entry	 LookIn	 Exit	 LookOut	 Visits
2021-05-18 13:06:28	 883 	c1254 	5546 	 159 	 10111000 	 184 	 2665504 	 180	 162	 154	 181	 37	 252	 
2021-05-18 13:06:32	 247 	c1254 	5547 	 173 	 11110100 	 244 	 2703664 	 181	 162	 154	 181	 37	 252	 
2021-05-18 13:06:45	 588 	c1254 	5548 	 181 	 10110100 	 180 	 2850688 	 181	 163	 154	 181	 37	 253	 
2021-05-18 13:06:57	 607 	c1254 	5549 	 187 	 01111000 	 120 	 2983528 	 181	 163	 154	 182	 37	 253	 
2021-05-18 13:07:43	 225 	c1254 	5550 	 197 	 10110100 	 180 	 3488560 	 181	 164	 154	 182	 37	 254	 
2021-05-18 13:07:44	 906 	c1254 	5551 	 201 	 10101000 	 168 	 3506104 	 182	 164	 154	 182	 37	 254	 
2021-05-18 13:09:53	 133 	c1254 	5552 	 207 	 01111000 	 120 	 4924744 	 182	 164	 154	 183	 37	 254	 
2021-05-18 13:12:57	 133 	c1254 	5554 	 216 	 10110100 	 180 	 6957976 	 182	 165	 154	 183	 37	 255	 
2021-05-18 13:13:07	1155 	c1254 	5555 	 223 	 11111000 	 248 	 7078168 	 183	 165	 154	 183	 37	 255	 
2021-05-18 13:13:34	 474 	c1254 	5556 	 229 	 10110100 	 180 	 7369864 	 183	 166	 154	 183	 37	 256	 
2021-05-18 13:14:06	 895 	c1254 	5559 	 241 	 01110100 	 116 	 7727176 	 183	 166	 155	 183	 37	 257	 
2021-05-18 13:14:11	 135 	c1254 	5560 	 249 	 01111000 	 120 	 7775152 	 183	 166	 155	 184	 37	 257	 
2021-05-18 13:14:26	 767 	c1254 	5561 	 255 	 01111000 	 120 	 7946800 	 183	 166	 155	 185	 37	 257	 
2021-05-18 13:16:31	1056 	c1254 	5563 	 13 	 10110100 	 180 	 9329272 	 183	 167	 155	 185	 37	 258	 
2021-05-18 13:16:39	 384 	c1254 	5564 	 25 	 01111000 	 120 	 9411184 	 183	 167	 155	 186	 37	 258	 
2021-05-18 13:16:49	 532 	c1254 	5565 	 31 	 01110100 	 116 	 9522928 	 183	 167	 156	 186	 37	 259	 
2021-05-18 13:16:52	 600 	c1254 	5566 	 37 	 10110100 	 180 	 9556672 	 183	 168	 156	 186	 37	 259	 
2021-05-18 13:17:00	 193 	c1254 	5568 	 46 	 10110100 	 180 	 9641104 	 183	 169	 156	 186	 37	 260	 
2021-05-18 13:17:03	 620 	c1254 	5569 	 54 	 01111000 	 120 	 9678280 	 183	 169	 156	 187	 37	 260	 
2021-05-18 13:18:36	 719 	c1254 	5570 	 58 	 01010100 	 84 	 10705432 	 184	 169	 156	 187	 37	 260	 
2021-05-18 13:18:39	  77 	c1254 	5571 	 64 	 01110100 	 116 	 10732432 	 184	 169	 157	 187	 37	 261	 
2021-05-18 13:18:41	 287 	c1254 	5575 	 84 	 01110100 	 116 	 10756504 	 184	 169	 158	 187	 37	 261	 
2021-05-18 13:18:43	 987 	c1254 	5578 	 96 	 10110100 	 180 	 10785232 	 184	 170	 158	 187	 37	 261	 
2021-05-18 13:18:45	 506 	c1254 	5579 	 102 	 01111000 	 120 	 10802728 	 184	 170	 158	 188	 37	 261	 
2021-05-18 13:18:57	  97 	c1254 	5581 	 114 	 10111000 	 184 	 10931248 	 184	 170	 158	 188	 38	 261	 
2021-05-18 13:19:37	  25 	c1254 	5582 	 122 	 01110100 	 116 	 11371888 	 184	 170	 159	 188	 38	 262	 
2021-05-18 13:19:40	 253 	c1254 	5583 	 126 	 10101000 	 168 	 11407168 	 185	 170	 159	 188	 38	 262	 
2021-05-18 13:19:44	 349 	c1254 	5584 	 130 	 10101000 	 168 	 11452216 	 186	 170	 159	 188	 38	 262	 
2021-05-18 13:19:45	 930 	c1254 	5586 	 140 	 01111000 	 120 	 11468776 	 186	 170	 159	 189	 38	 262	 
2021-05-18 13:20:36	  11 	c1254 	5588 	 148 	 10110100 	 180 	 12022624 	 186	 171	 159	 189	 38	 263	 
2021-05-18 13:20:55	 736 	c1254 	5589 	 156 	 01111000 	 120 	 12239080 	 186	 171	 159	 190	 38	 263	 
2021-05-18 13:21:59	 729 	c1254 	5590 	 160 	 01010100 	 84 	 12944728 	 187	 171	 159	 190	 38	 263	 
2021-05-18 13:22:01	 139 	c1254 	5591 	 167 	 11110100 	 244 	 12961168 	 188	 171	 159	 190	 38	 263	 
2021-05-18 13:22:12	1153 	c1254 	5593 	 179 	 01111000 	 120 	 13092088 	 188	 171	 159	 191	 38	 263	 
2021-05-18 13:23:05	 833 	c1254 	5594 	 185 	 10110100 	 180 	 13673488 	 188	 172	 159	 191	 38	 264	 
2021-05-18 13:23:19	 556 	c1254 	5595 	 191 	 01111000 	 120 	 13825240 	 188	 172	 159	 192	 38	 264	 
2021-05-18 13:24:31	 603 	c1254 	5596 	 199 	 10110100 	 180 	 14619520 	 188	 173	 159	 192	 38	 265	 
2021-05-18 13:24:46	1013 	c1254 	5597 	 208 	 01111000 	 120 	 14788816 	 188	 173	 159	 193	 38	 265	 
2021-05-18 13:25:34	 151 	c1254 	5600 	 218 	 01110100 	 116 	 15309712 	 188	 173	 160	 193	 38	 266	 
2021-05-18 13:25:44	 383 	c1254 	5601 	 228 	 01111000 	 120 	 15422128 	 188	 173	 160	 194	 38	 266	 
2021-05-18 13:26:37	  75 	c1254 	5605 	 240 	 01110100 	 116 	 16003408 	 188	 173	 161	 194	 38	 267	 
2021-05-18 13:26:37	 565 	c1254 	5606 	 244 	 01010100 	 84 	 16008064 	 189	 173	 161	 194	 38	 267	 
2021-05-18 13:26:45	1118 	c1254 	5607 	 252 	 01111000 	 120 	 16101472 	 189	 173	 161	 195	 38	 267	 
2021-05-18 13:27:16	  99 	c1254 	5608 	 2 	 10110100 	 180 	 16433464 	 189	 174	 161	 195	 38	 268	 
2021-05-18 13:27:25	 749 	c1254 	5610 	 12 	 01111000 	 120 	 16538848 	 189	 174	 161	 196	 38	 268	 
2021-05-18 13:29:51	 295 	c1254 	5611 	 18 	 01110100 	 116 	 1367880 	 189	 174	 162	 196	 38	 269	 
2021-05-18 13:29:53	 710 	c1254 	5613 	 28 	 10110100 	 180 	 1393920 	 189	 175	 162	 196	 38	 269	 
2021-05-18 13:30:00	 584 	c1254 	5614 	 32 	 10101000 	 168 	 1470024 	 190	 175	 162	 196	 38	 269	 
2021-05-18 13:30:03	1024 	c1254 	5615 	 36 	 10101000 	 168 	 1507344 	 191	 175	 162	 196	 38	 269	 
2021-05-18 13:30:15	 213 	c1254 	5616 	 42 	 10110100 	 180 	 1632168 	 191	 176	 162	 196	 38	 270	 
2021-05-18 13:30:29	 355 	c1254 	5618 	 50 	 01111000 	 120 	 1788168 	 191	 176	 162	 197	 38	 270	 
2021-05-18 13:31:14	 738 	c1254 	5619 	 55 	 11110100 	 244 	 2289048 	 192	 176	 162	 197	 38	 270	 
2021-05-18 13:31:27	 626 	c1254 	5621 	 63 	 10111000 	 184 	 2431656 	 192	 176	 162	 197	 39	 270	 
2021-05-18 13:31:28	 723 	c1254 	5622 	 69 	 01111000 	 120 	 2443632 	 192	 176	 162	 198	 39	 270	 
2021-05-18 13:32:59	 784 	c1254 	5623 	 75 	 10110100 	 180 	 3450456 	 192	 177	 162	 198	 39	 271	 
2021-05-18 13:33:08	 570 	c1254 	5625 	 87 	 01111000 	 120 	 3547968 	 192	 177	 162	 199	 39	 271	 
2021-05-18 13:37:38	 983 	c1254 	5627 	 97 	 10110100 	 180 	 6540624 	 192	 178	 162	 199	 39	 272	 
2021-05-18 13:37:51	 621 	c1254 	5628 	 105 	 01111000 	 120 	 6681168 	 192	 178	 162	 200	 39	 272	 
2021-05-18 13:38:59	 896 	c1254 	5631 	 117 	 01110100 	 116 	 7436976 	 192	 178	 163	 200	 39	 273	 
2021-05-18 13:39:06	 745 	c1254 	5634 	 131 	 01111000 	 120 	 7513080 	 192	 178	 163	 201	 39	 273	 
2021-05-18 13:44:38	 186 	c1254 	5636 	 141 	 01110100 	 116 	 11184288 	 192	 178	 164	 201	 39	 274	 
2021-05-18 13:44:39	 626 	c1254 	5637 	 147 	 10110100 	 180 	 11199552 	 192	 179	 164	 201	 39	 274	 
2021-05-18 13:44:49	 510 	c1254 	5640 	 155 	 10101000 	 168 	 11309160 	 193	 179	 164	 201	 39	 274	 
2021-05-18 13:44:58	  44 	c1254	6588 bytes to file.
Date	 Hmsec	 CounterID	 EventID	 CounterMsgID	 Status(bin)	 Status(dec)	 Timer[s/12000]	 Unclear	 Entry	 LookIn	 Exit	 LookOut	 Visits
2021-05-18 13:45:13	 914 	c1254 	5641 	 161 	 01111000 	 120 	 11578680 	 193	 179	 164	 202	 39	 274	 
2021-05-18 13:46:24	  56 	c1254 	5643 	 171 	 10110100 	 180 	 12356256 	 193	 180	 164	 202	 39	 275	 
2021-05-18 13:46:34	1071 	c1254 	5644 	 178 	 11111000 	 248 	 12476592 	 194	 180	 164	 202	 39	 275	 
2021-05-18 13:50:47	 493 	c1254 	5645 	 184 	 10110100 	 180 	 15270768 	 194	 181	 164	 202	 39	 276	 
2021-05-18 13:50:52	1118 	c1254 	5646 	 192 	 01111000 	 120 	 15332040 	 194	 181	 164	 203	 39	 276	 
2021-05-18 13:53:08	 134 	c1254 	5647 	 198 	 10110100 	 180 	 50240 	 194	 182	 164	 203	 39	 277	 
2021-05-18 13:53:14	 413 	c1254 	5648 	 206 	 01111000 	 120 	 119288 	 194	 182	 164	 204	 39	 277	 
2021-05-18 13:54:09	 468 	c1254 	5651 	 218 	 10110100 	 180 	 728216 	 194	 183	 164	 204	 39	 278	 
2021-05-18 13:54:15	 528 	c1254 	5652 	 228 	 01111000 	 120 	 795152 	 194	 183	 164	 205	 39	 278	 
2021-05-18 13:55:08	 518 	c1254 	5653 	 238 	 10110100 	 180 	 1381208 	 194	 184	 164	 205	 39	 279	 
2021-05-18 13:55:13	  56 	c1254 	5654 	 244 	 01111000 	 120 	 1432088 	 194	 184	 164	 206	 39	 279	 
2021-05-18 13:56:52	 891 	c1254 	5655 	 250 	 10110100 	 180 	 2534024 	 194	 185	 164	 206	 39	 280	 
2021-05-18 13:56:58	 193 	c1254 	5656 	 2 	 01111000 	 120 	 2593688 	 194	 185	 164	 207	 39	 280	 
2021-05-18 13:57:39	 765 	c1254 	5657 	 8 	 10110100 	 180 	 3052208 	 194	 186	 164	 207	 39	 281	 
2021-05-18 13:57:50	 920 	c1254 	5658 	 16 	 01111000 	 120 	 3175232 	 194	 186	 164	 208	 39	 281	 
2021-05-18 13:57:58	 445 	c1254 	5659 	 22 	 10110100 	 180 	 3259112 	 194	 187	 164	 208	 39	 282	 
2021-05-18 13:58:08	 624 	c1254 	5660 	 30 	 11111000 	 248 	 3371336 	 195	 187	 164	 208	 39	 282	 
2021-05-18 14:01:21	 438 	c1254 	5663 	 44 	 01110100 	 116 	 5501792 	 195	 187	 165	 208	 39	 283	 
2021-05-18 14:01:31	 992 	c1254 	5664 	 56 	 01111000 	 120 	 5617496 	 195	 187	 165	 209	 39	 283	 
2021-05-18 14:16:12	 514 	c1254 	5666 	 66 	 01110100 	 116 	 15326792 	 195	 187	 166	 209	 39	 284	 
2021-05-18 14:17:07	1141 	c1254 	5668 	 73 	 01111000 	 120 	 15938408 	 195	 187	 166	 210	 39	 284	 
2021-05-18 14:17:56	 113 	c1254	2294 bytes to file.
Date	 Hmsec	 CounterID	 EventID	 CounterMsgID	 Status(bin)	 Status(dec)	 Timer[s/12000]	 Unclear	 Entry	 LookIn	 Exit	 LookOut	 Visits
2021-05-18 16:52:40	1147 	c1254 	5670 	 179 	 01111000 	 120 	 1845424 	 195	 187	 166	 211	 39	 284	 
2021-05-18 16:52:49	 884 	c1254 	5671 	 183 	 10101000 	 168 	 1943032 	 196	 187	 166	 211	 39	 284	 
2021-05-18 16:53:10	 618 	c1254	365 bytes to file.
