Date 	Hmsec 	CounterID 	EventID 	Batt 	Light 	T1 	T2 	TC 	Batt(mV) 	Wgt(g/10) 	CoreTemp(C) 	Version 	1903281141 
2021-05-16 18:30:07	  63 	c1254 	5164 	 3318	  176	    0	    0	 1517	6480	000	021
2021-05-16 18:40:07	  63 	c1254 	5164 	 3318	  156	    0	    0	 1517	6480	000	021
2021-05-16 18:50:07	  63 	c1254 	5164 	 3318	  149	    0	    0	 1516	6480	000	021
2021-05-16 19:00:07	  63 	c1254 	5164 	 3318	  148	    0	    0	 1515	6480	000	021
2021-05-16 19:10:07	  63 	c1254 	5164 	 3317	  172	    0	    0	 1514	6478	000	021
2021-05-16 19:20:07	  63 	c1254 	5164 	 3317	  127	    0	    0	 1515	6478	000	021
2021-05-16 19:30:07	  63 	c1254 	5164 	 3317	  123	    0	    0	 1514	6478	000	021
2021-05-16 19:40:07	  63 	c1254 	5164 	 3317	  111	    0	    0	 1514	6478	000	021
2021-05-16 19:50:07	  63 	c1254 	5164 	 3316	  101	    0	    0	 1512	6476	000	020
2021-05-16 20:00:07	  63 	c1254 	5164 	 3316	   90	    0	    0	 1513	6476	000	021
2021-05-16 20:10:07	  63 	c1254 	5164 	 3316	   73	    0	    0	 1512	6476	000	020
2021-05-16 20:20:07	  63 	c1254 	5164 	 3316	   58	    0	    0	 1513	6476	000	021
2021-05-16 20:30:07	  63 	c1254 	5164 	 3316	   46	    0	    0	 1512	6476	000	020
2021-05-16 20:40:07	  63 	c1254 	5164 	 3315	   39	    0	    0	 1512	6474	000	020
2021-05-16 20:50:07	  63 	c1254 	5164 	 3315	   34	    0	    0	 1512	6474	000	020
2021-05-16 21:00:07	  63 	c1254 	5164 	 3315	   33	    0	    0	 1512	6474	000	020
2021-05-16 21:10:07	  63 	c1254 	5164 	 3314	   30	    0	    0	 1512	6472	000	020
2021-05-16 21:20:07	  63 	c1254 	5164 	 3314	   29	    0	    0	 1512	6472	000	020
2021-05-16 21:30:07	  63 	c1254 	5164 	 3314	   28	    0	    0	 1512	6472	000	020
2021-05-16 21:40:07	  63 	c1254 	5164 	 3314	   26	    0	    0	 1512	6472	000	020
2021-05-16 21:50:07	  63 	c1254 	5164 	 3314	   25	    0	    0	 1511	6472	000	020
2021-05-16 22:00:07	  63 	c1254 	5164 	 3314	   25	    0	    0	 1511	6472	000	020
2021-05-16 22:10:07	  63 	c1254 	5164 	 3314	   25	    0	    0	 1511	6472	000	020
2021-05-16 22:20:07	  63 	c1254 	5164 	 3314	   25	    0	    0	 1511	6472	000	020
2021-05-16 22:30:07	  63 	c1254 	5164 	 3314	   25	    0	    0	 1511	6472	000	020
2021-05-16 22:40:07	  63 	c1254 	5164 	 3314	   25	    0	    0	 1511	6472	000	020
2021-05-16 22:50:07	  63 	c1254 	5164 	 3314	   25	    0	    0	 1511	6472	000	020
2021-05-16 23:00:07	  63 	c1254 	5164 	 3313	   24	    0	    0	 1511	6470	000	020
2021-05-16 23:10:07	  63 	c1254 	5164 	 3313	   25	    0	    0	 1510	6470	000	020
2021-05-16 23:20:07	  63 	c1254 	5164 	 3313	   24	    0	    0	 1510	6470	000	020
2021-05-16 23:30:07	  63 	c1254 	5164 	 3313	   24	    0	    0	 1510	6470	000	020
2021-05-16 23:40:07	  63 	c1254 	5164 	 3312	   23	    0	    0	 1510	6468	000	020
2021-05-16 23:50:07	  63 	c1254 	5164 	 3313	   23	    0	    0	 1511	6470	000	020
2021-05-17 00:00:07	  63 	c1254 	5164 	 3313	   23	    0	    0	 1509	6470	000	020
2021-05-17 00:10:07	  63 	c1254 	5164 	 3312	   23	    0	    0	 1510	6468	000	020
2021-05-17 00:20:07	  63 	c1254 	5164 	 3313	   23	    0	    0	 1508	6470	000	020
2021-05-17 00:30:07	  63 	c1254 	5164 	 3312	   23	    0	    0	 1510	6468	000	020
2021-05-17 00:40:07	  63 	c1254 	5164 	 3312	   23	    0	    0	 1509	6468	000	020
2021-05-17 00:50:07	  63 	c1254 	5164 	 3312	   23	    0	    0	 1508	6468	000	020
2021-05-17 01:00:07	  63 	c1254 	5164 	 3312	   23	    0	    0	 1509	6468	000	020
2021-05-17 01:10:07	  63 	c1254 	5164 	 3311	   23	    0	    0	 1510	6466	000	020
2021-05-17 01:20:07	  63 	c1254 	5164 	 3312	   23	    0	    0	 1509	6468	000	020
2021-05-17 01:30:07	  63 	c1254 	5164 	 3311	   23	    0	    0	 1509	6466	000	020
2021-05-17 01:40:07	  63 	c1254 	5164 	 3311	   23	    0	    0	 1509	6466	000	020
2021-05-17 01:50:07	  63 	c1254 	5164 	 3311	   23	    0	    0	 1508	6466	000	020
2021-05-17 02:00:07	  63 	c1254 	5164 	 3311	   23	    0	    0	 1508	6466	000	020
2021-05-17 02:10:07	  63 	c1254 	5164 	 3311	   23	    0	    0	 1507	6466	000	019
2021-05-17 02:20:07	  63 	c1254 	5164 	 3311	   23	    0	    0	 1508	6466	000	020
2021-05-17 02:30:07	  63 	c1254 	5164 	 3311	   23	    0	    0	 1508	6466	000	020
2021-05-17 02:40:07	  63 	c1254 	5164 	 3311	   23	    0	    0	 1507	6466	000	019
2021-05-17 02:50:07	  63 	c1254 	5164 	 3310	   23	    0	    0	 1507	6464	000	019
2021-05-17 02:50:08	 638 	c1254						 3607 bytes to file.
Date 	Hmsec 	CounterID 	EventID 	Batt 	Light 	T1 	T2 	TC 	Batt(mV) 	Wgt(g/10) 	CoreTemp(C) 	Version 	1903281141 
2021-05-17 03:00:07	  63 	c1254 	5164 	 3310	   23	    0	    0	 1508	6464	000	020
2021-05-17 03:10:07	  63 	c1254 	5164 	 3310	   23	    0	    0	 1506	6464	000	019
2021-05-17 03:20:07	  63 	c1254 	5164 	 3310	   23	    0	    0	 1507	6464	000	019
2021-05-17 03:30:07	  63 	c1254 	5164 	 3310	   23	    0	    0	 1507	6464	000	019
2021-05-17 03:40:07	  63 	c1254 	5164 	 3310	   23	    0	    0	 1507	6464	000	019
2021-05-17 03:50:07	  63 	c1254 	5164 	 3310	   23	    0	    0	 1506	6464	000	019
2021-05-17 04:00:07	  63 	c1254 	5164 	 3310	   23	    0	    0	 1506	6464	000	019
2021-05-17 04:10:07	  63 	c1254 	5164 	 3309	   23	    0	    0	 1507	6462	000	019
2021-05-17 04:20:07	  63 	c1254 	5164 	 3309	   23	    0	    0	 1506	6462	000	019
2021-05-17 04:30:07	  63 	c1254 	5164 	 3309	   26	    0	    0	 1505	6462	000	019
2021-05-17 04:40:07	  63 	c1254 	5164 	 3309	   29	    0	    0	 1505	6462	000	019
2021-05-17 04:50:07	  63 	c1254 	5164 	 3309	   29	    0	    0	 1506	6462	000	019
2021-05-17 05:00:07	  63 	c1254 	5164 	 3309	   31	    0	    0	 1505	6462	000	019
2021-05-17 05:10:07	  63 	c1254 	5164 	 3309	   32	    0	    0	 1506	6462	000	019
2021-05-17 05:20:07	  63 	c1254 	5164 	 3309	   32	    0	    0	 1505	6462	000	019
2021-05-17 05:30:07	  63 	c1254 	5164 	 3309	   34	    0	    0	 1504	6462	000	019
2021-05-17 05:40:07	  63 	c1254 	5164 	 3308	   35	    0	    0	 1505	6460	000	019
2021-05-17 05:50:07	  63 	c1254 	5164 	 3308	   35	    0	    0	 1505	6460	000	019
2021-05-17 06:00:07	  63 	c1254 	5164 	 3308	   34	    0	    0	 1505	6460	000	019
2021-05-17 06:10:07	  63 	c1254 	5164 	 3308	   35	    0	    0	 1504	6460	000	019
2021-05-17 06:20:07	  63 	c1254 	5164 	 3308	   36	    0	    0	 1503	6460	000	019
2021-05-17 06:30:07	  63 	c1254 	5164 	 3308	   35	    0	    0	 1505	6460	000	019
2021-05-17 06:40:07	  63 	c1254 	5164 	 3307	   36	    0	    0	 1504	6458	000	019
2021-05-17 06:50:07	  63 	c1254 	5164 	 3307	   39	    0	    0	 1504	6458	000	019
2021-05-17 07:00:07	  63 	c1254 	5164 	 3307	   37	    0	    0	 1503	6458	000	019
2021-05-17 07:10:07	  63 	c1254 	5164 	 3307	   39	    0	    0	 1504	6458	000	019
2021-05-17 07:20:07	  63 	c1254 	5164 	 3307	   40	    0	    0	 1503	6458	000	019
2021-05-17 07:30:07	  63 	c1254 	5164 	 3307	   44	    0	    0	 1503	6458	000	019
2021-05-17 07:40:07	  63 	c1254 	5164 	 3307	   45	    0	    0	 1504	6458	000	019
2021-05-17 07:50:07	  63 	c1254 	5164 	 3307	   49	    0	    0	 1504	6458	000	019
2021-05-17 08:00:07	  63 	c1254 	5164 	 3306	   47	    0	    0	 1503	6457	000	019
2021-05-17 08:10:07	  63 	c1254 	5164 	 3307	  150	    0	    0	 1504	6458	000	019
2021-05-17 08:20:07	  63 	c1254 	5164 	 3307	  122	    0	    0	 1502	6458	000	018
2021-05-17 08:30:07	  63 	c1254 	5164 	 3306	  136	    0	    0	 1503	6457	000	019
2021-05-17 08:40:07	  63 	c1254 	5164 	 3306	  114	    0	    0	 1502	6457	000	018
2021-05-17 08:50:07	  63 	c1254 	5164 	 3306	  236	    0	    0	 1504	6457	000	019
2021-05-17 09:00:07	  63 	c1254 	5164 	 3306	  407	    0	    0	 1503	6457	000	019
2021-05-17 09:10:07	  63 	c1254 	5164 	 3306	  334	    0	    0	 1503	6457	000	019
2021-05-17 09:20:07	  63 	c1254 	5164 	 3306	  251	    0	    0	 1502	6457	000	018
2021-05-17 09:30:07	  63 	c1254 	5164 	 3306	  217	    0	    0	 1504	6457	000	019
2021-05-17 09:40:07	  63 	c1254 	5164 	 3306	  197	    0	    0	 1504	6457	000	019
2021-05-17 09:50:07	  63 	c1254 	5164 	 3306	  185	    0	    0	 1504	6457	000	019
2021-05-17 10:00:07	  63 	c1254 	5164 	 3306	  167	    0	    0	 1504	6457	000	019
2021-05-17 10:10:07	  63 	c1254 	5164 	 3306	  214	    0	    0	 1503	6457	000	019
2021-05-17 10:20:07	  63 	c1254 	5164 	 3305	  211	    0	    0	 1504	6455	000	019
2021-05-17 10:30:07	  63 	c1254 	5164 	 3306	  381	    0	    0	 1504	6457	000	019
2021-05-17 10:40:07	  63 	c1254 	5164 	 3306	  424	    0	    0	 1504	6457	000	019
2021-05-17 10:50:07	  63 	c1254 	5164 	 3306	  465	    0	    0	 1504	6457	000	019
2021-05-17 11:00:07	  63 	c1254 	5164 	 3305	  473	    0	    0	 1504	6455	000	019
2021-05-17 11:10:07	  63 	c1254 	5164 	 3305	  438	    0	    0	 1504	6455	000	019
2021-05-17 11:20:07	  63 	c1254 	5164 	 3305	  291	    0	    0	 1503	6455	000	019
2021-05-17 11:20:08	 841 	c1254						 3607 bytes to file.
Date 	Hmsec 	CounterID 	EventID 	Batt 	Light 	T1 	T2 	TC 	Batt(mV) 	Wgt(g/10) 	CoreTemp(C) 	Version 	1903281141 
2021-05-17 11:30:07	  63 	c1254 	5164 	 3305	  318	    0	    0	 1505	6455	000	019
2021-05-17 11:40:07	  63 	c1254 	5164 	 3305	  330	    0	    0	 1504	6455	000	019
2021-05-17 11:50:07	  63 	c1254 	5164 	 3305	  351	    0	    0	 1506	6455	000	019
2021-05-17 12:00:07	  63 	c1254 	5164 	 3305	  416	    0	    0	 1505	6455	000	019
2021-05-17 12:10:07	  63 	c1254 	5165 	 3305	   30	    0	    0	 1504	6455	000	019
2021-05-17 12:20:07	  63 	c1254 	5165 	 3305	   31	    0	    0	 1504	6455	000	019
2021-05-17 12:30:07	  63 	c1254 	5165 	 3305	   31	    0	    0	 1505	6455	000	019
2021-05-17 12:40:07	  63 	c1254 	5165 	 3305	   31	    0	    0	 1505	6455	000	019
2021-05-17 12:50:07	  63 	c1254 	5165 	 3305	   31	    0	    0	 1505	6455	000	019
2021-05-17 13:00:07	  63 	c1254 	5165 	 3305	   30	    0	    0	 1505	6455	000	019
2021-05-17 13:10:07	  63 	c1254 	5165 	 3305	   30	    0	    0	 1504	6455	000	019
2021-05-17 13:20:07	  63 	c1254 	5165 	 3305	   31	    0	    0	 1506	6455	000	019
2021-05-17 13:30:07	  63 	c1254 	5165 	 3305	   30	    0	    0	 1505	6455	000	019
2021-05-17 13:40:07	  63 	c1254 	5165 	 3304	   29	    0	    0	 1505	6453	000	019
2021-05-17 13:50:07	  63 	c1254 	5165 	 3304	   28	    0	    0	 1505	6453	000	019
2021-05-17 14:00:07	  63 	c1254 	5165 	 3305	   29	    0	    0	 1505	6455	000	019
2021-05-17 14:10:07	  63 	c1254 	5165 	 3304	   31	    0	    0	 1504	6453	000	019
2021-05-17 14:20:07	  63 	c1254 	5165 	 3304	   30	    0	    0	 1505	6453	000	019
2021-05-17 14:30:07	  63 	c1254 	5165 	 3304	   30	    0	    0	 1504	6453	000	019
2021-05-17 14:40:07	  63 	c1254 	5165 	 3304	   30	    0	    0	 1505	6453	000	019
2021-05-17 14:50:07	  63 	c1254 	5165 	 3304	   30	    0	    0	 1504	6453	000	019
2021-05-17 15:00:07	  63 	c1254 	5165 	 3304	   30	    0	    0	 1503	6453	000	019
2021-05-17 15:10:07	  63 	c1254 	5165 	 3304	   30	    0	    0	 1504	6453	000	019
2021-05-17 15:20:07	  63 	c1254 	5165 	 3303	   20	    0	    0	 1504	6451	000	019
2021-05-17 15:30:07	  63 	c1254 	5165 	 3303	   18	    0	    0	 1504	6451	000	019
2021-05-17 15:40:07	  63 	c1254 	5165 	 3303	   29	    0	    0	 1503	6451	000	019
2021-05-17 15:50:07	  63 	c1254 	5165 	 3303	   29	    0	    0	 1504	6451	000	019
2021-05-17 16:00:07	  63 	c1254 	5165 	 3303	   30	    0	    0	 1504	6451	000	019
2021-05-17 16:10:07	  63 	c1254 	5165 	 3303	   30	    0	    1	 1503	6451	000	019
2021-05-17 16:20:07	  63 	c1254 	5165 	 3303	   30	    0	    0	 1504	6451	000	019
2021-05-17 16:30:07	  63 	c1254 	5165 	 3303	   30	    0	    0	 1503	6451	000	019
2021-05-17 16:40:07	  63 	c1254 	5165 	 3303	   30	    0	    0	 1504	6451	000	019
2021-05-17 16:50:07	  63 	c1254 	5165 	 3303	   30	    0	    0	 1504	6451	000	019
2021-05-17 17:00:07	  63 	c1254 	5165 	 3303	   30	    0	    0	 1504	6451	000	019
2021-05-17 17:10:07	  63 	c1254 	5165 	 3302	   29	    0	    0	 1504	6449	000	019
2021-05-17 17:20:07	  63 	c1254 	5165 	 3303	   30	    0	    0	 1503	6451	000	019
2021-05-17 17:30:07	  63 	c1254 	5165 	 3303	   31	    0	    0	 1504	6451	000	019
2021-05-17 17:40:07	  63 	c1254 	5165 	 3303	   32	    0	    0	 1504	6451	000	019
2021-05-17 17:50:07	  63 	c1254 	5165 	 3303	   32	    0	    0	 1503	6451	000	019
2021-05-17 18:00:07	  63 	c1254 	5165 	 3302	   32	    0	    0	 1504	6449	000	019
2021-05-17 18:10:07	  63 	c1254 	5165 	 3302	   31	    0	    0	 1503	6449	000	019
2021-05-17 18:20:07	  63 	c1254 	5165 	 3302	   30	    0	    0	 1504	6449	000	019
2021-05-17 18:30:07	  63 	c1254 	5165 	 3302	   29	    0	    0	 1503	6449	000	019
2021-05-17 18:40:07	  63 	c1254 	5165 	 3302	   30	    0	    0	 1504	6449	000	019
2021-05-17 18:50:07	  63 	c1254 	5165 	 3302	   30	    0	    0	 1504	6449	000	019
2021-05-17 19:00:07	  63 	c1254 	5165 	 3302	   30	    0	    0	 1503	6449	000	019
2021-05-17 19:10:07	  63 	c1254 	5165 	 3302	   19	    0	    0	 1504	6449	000	019
2021-05-17 19:20:07	  63 	c1254 	5165 	 3302	   19	    0	    0	 1505	6449	000	019
2021-05-17 19:30:07	  63 	c1254 	5165 	 3302	   20	    0	    0	 1504	6449	000	019
2021-05-17 19:40:07	  63 	c1254 	5165 	 3302	   13	    0	    0	 1504	6449	000	019
2021-05-17 19:50:07	  63 	c1254 	5165 	 3302	   29	    0	    0	 1506	6449	000	019
2021-05-17 19:50:08	 784 	c1254						 3607 bytes to file.
Date 	Hmsec 	CounterID 	EventID 	Batt 	Light 	T1 	T2 	TC 	Batt(mV) 	Wgt(g/10) 	CoreTemp(C) 	Version 	1903281141 
2021-05-17 20:00:07	  63 	c1254 	5165 	 3301	   19	    0	    0	 1506	6447	000	019
2021-05-17 20:10:07	  63 	c1254 	5165 	 3301	   15	    0	    0	 1505	6447	000	019
2021-05-17 20:20:07	  63 	c1254 	5165 	 3301	   18	    0	    0	 1506	6447	000	019
2021-05-17 20:30:07	  63 	c1254 	5165 	 3301	   19	    0	    0	 1506	6447	000	019
2021-05-17 20:40:07	  63 	c1254 	5165 	 3302	   14	    0	    0	 1504	6449	000	019
2021-05-17 20:50:07	  63 	c1254 	5165 	 3301	    7	    0	    0	 1506	6447	000	019
2021-05-17 21:00:07	  63 	c1254 	5165 	 3301	    2	    0	    0	 1505	6447	000	019
2021-05-17 21:10:07	  63 	c1254 	5165 	 3301	    2	    0	    0	 1507	6447	000	019
2021-05-17 21:20:07	  63 	c1254 	5165 	 3301	    2	    0	    0	 1506	6447	000	019
2021-05-17 21:30:07	  63 	c1254 	5165 	 3301	    2	    0	    0	 1505	6447	000	019
2021-05-17 21:40:07	  63 	c1254 	5165 	 3301	    2	    0	    0	 1505	6447	000	019
2021-05-17 21:50:07	  63 	c1254 	5165 	 3301	    2	    0	    0	 1505	6447	000	019
2021-05-17 22:00:07	  63 	c1254 	5165 	 3301	    2	    0	    0	 1507	6447	000	019
2021-05-17 22:10:07	  63 	c1254 	5165 	 3301	    2	    0	    0	 1505	6447	000	019
2021-05-17 22:20:07	  63 	c1254 	5165 	 3301	    2	    0	    0	 1505	6447	000	019
2021-05-17 22:30:07	  63 	c1254 	5165 	 3301	    2	    0	    0	 1506	6447	000	019
2021-05-17 22:40:07	  63 	c1254 	5165 	 3301	    2	    0	    0	 1506	6447	000	019
2021-05-17 22:50:07	  63 	c1254 	5165 	 3301	    2	    0	    0	 1505	6447	000	019
2021-05-17 23:00:07	  63 	c1254 	5165 	 3301	    2	    0	    0	 1507	6447	000	019
2021-05-17 23:10:07	  63 	c1254 	5165 	 3300	    2	    0	    0	 1506	6445	000	019
2021-05-17 23:20:07	  63 	c1254 	5165 	 3301	    2	    0	    0	 1505	6447	000	019
2021-05-17 23:30:07	  63 	c1254 	5165 	 3301	    2	    0	    0	 1505	6447	000	019
2021-05-17 23:40:07	  63 	c1254 	5165 	 3301	    2	    0	    0	 1504	6447	000	019
2021-05-17 23:50:07	  63 	c1254 	5165 	 3300	    2	    0	    0	 1505	6445	000	019
2021-05-18 00:00:07	  63 	c1254 	5165 	 3300	    2	    0	    0	 1504	6445	000	019
2021-05-18 00:10:07	  63 	c1254 	5165 	 3301	    2	    0	    0	 1505	6447	000	019
2021-05-18 00:20:07	  63 	c1254 	5165 	 3300	    2	    0	    0	 1504	6445	000	019
2021-05-18 00:30:07	  63 	c1254 	5165 	 3300	    2	    0	    0	 1504	6445	000	019
2021-05-18 00:40:07	  63 	c1254 	5165 	 3300	    2	    0	    0	 1504	6445	000	019
2021-05-18 00:50:07	  63 	c1254 	5165 	 3300	    2	    0	    0	 1503	6445	000	019
2021-05-18 01:00:07	  63 	c1254 	5165 	 3300	    2	    0	    0	 1504	6445	000	019
2021-05-18 01:10:07	  63 	c1254 	5165 	 3300	    2	    0	    0	 1502	6445	000	018
2021-05-18 01:20:07	  63 	c1254 	5165 	 3300	    2	    0	    0	 1503	6445	000	019
2021-05-18 01:30:07	  63 	c1254 	5165 	 3300	    2	    0	    0	 1502	6445	000	018
2021-05-18 01:40:07	  63 	c1254 	5165 	 3300	    2	    0	    0	 1502	6445	000	018
2021-05-18 01:50:07	  63 	c1254 	5165 	 3299	    2	    0	    0	 1502	6443	000	018
2021-05-18 02:00:07	  63 	c1254 	5165 	 3300	    2	    0	    0	 1502	6445	000	018
2021-05-18 02:10:07	  63 	c1254 	5165 	 3299	    2	    0	    0	 1501	6443	000	018
2021-05-18 02:20:07	  63 	c1254 	5165 	 3299	    2	    0	    0	 1502	6443	000	018
2021-05-18 02:30:07	  63 	c1254 	5165 	 3299	    2	    0	    0	 1501	6443	000	018
2021-05-18 02:40:07	  63 	c1254 	5165 	 3299	    2	    0	    0	 1502	6443	000	018
2021-05-18 02:50:07	  63 	c1254 	5165 	 3299	    2	    0	    0	 1501	6443	000	018
2021-05-18 03:00:07	  63 	c1254 	5165 	 3299	    2	    0	    0	 1501	6443	000	018
2021-05-18 03:10:07	  63 	c1254 	5165 	 3299	    2	    0	    0	 1501	6443	000	018
2021-05-18 03:20:07	  63 	c1254 	5165 	 3298	    2	    0	    0	 1500	6441	000	018
2021-05-18 03:30:07	  63 	c1254 	5165 	 3298	    2	    0	    0	 1502	6441	000	018
2021-05-18 03:40:07	  63 	c1254 	5165 	 3298	    2	    0	    0	 1499	6441	000	018
2021-05-18 03:50:07	  63 	c1254 	5165 	 3298	    2	    0	    0	 1501	6441	000	018
2021-05-18 04:00:07	  63 	c1254 	5165 	 3298	    2	    0	    0	 1501	6441	000	018
2021-05-18 04:10:07	  63 	c1254 	5165 	 3298	    2	    0	    0	 1500	6441	000	018
2021-05-18 04:20:07	  63 	c1254 	5165 	 3298	    2	    0	    0	 1500	6441	000	018
2021-05-18 04:20:08	 787 	c1254						 3607 bytes to file.
Date 	Hmsec 	CounterID 	EventID 	Batt 	Light 	T1 	T2 	TC 	Batt(mV) 	Wgt(g/10) 	CoreTemp(C) 	Version 	1903281141 
2021-05-18 04:30:07	  63 	c1254 	5165 	 3298	    2	    0	    0	 1499	6441	000	018
2021-05-18 04:40:07	  63 	c1254 	5165 	 3298	    2	    0	    0	 1500	6441	000	018
2021-05-18 04:50:07	  63 	c1254 	5165 	 3297	    2	    0	    0	 1499	6439	000	018
2021-05-18 05:00:07	  63 	c1254 	5165 	 3297	    2	    0	    0	 1499	6439	000	018
2021-05-18 05:10:07	  63 	c1254 	5165 	 3298	    2	    0	    0	 1498	6441	000	018
2021-05-18 05:20:07	  63 	c1254 	5165 	 3297	    3	    0	    0	 1499	6439	000	018
2021-05-18 05:30:07	  63 	c1254 	5165 	 3297	    5	    0	    0	 1498	6439	000	018
2021-05-18 05:40:07	  63 	c1254 	5165 	 3297	    6	    0	    0	 1499	6439	000	018
2021-05-18 05:50:07	  63 	c1254 	5165 	 3297	    8	    0	    0	 1498	6439	000	018
2021-05-18 06:00:07	  63 	c1254 	5165 	 3297	   10	    0	    0	 1498	6439	000	018
2021-05-18 06:10:07	  63 	c1254 	5165 	 3296	   16	    0	    0	 1497	6437	000	017
2021-05-18 06:20:07	  63 	c1254 	5165 	 3297	   17	    0	    0	 1497	6439	000	017
2021-05-18 06:30:07	  63 	c1254 	5165 	 3296	   19	    0	    0	 1497	6437	000	017
2021-05-18 06:40:07	  63 	c1254 	5165 	 3296	   15	    0	    0	 1498	6437	000	018
2021-05-18 06:50:07	  63 	c1254 	5165 	 3296	   23	    0	    0	 1497	6437	000	017
2021-05-18 07:00:07	  63 	c1254 	5165 	 3296	   26	    0	    0	 1498	6437	000	018
2021-05-18 07:10:07	  63 	c1254 	5165 	 3296	   12	    0	    0	 1496	6437	000	017
2021-05-18 07:20:07	  63 	c1254 	5165 	 3296	    8	    0	    0	 1496	6437	000	017
2021-05-18 07:30:07	  63 	c1254 	5165 	 3296	   27	    0	    0	 1498	6437	000	018
2021-05-18 07:40:07	  63 	c1254 	5165 	 3296	   29	    0	    0	 1496	6437	000	017
2021-05-18 07:50:07	  63 	c1254 	5165 	 3296	   29	    0	    0	 1495	6437	000	017
2021-05-18 08:00:07	  63 	c1254 	5165 	 3296	   29	    0	    0	 1497	6437	000	017
2021-05-18 08:10:07	  63 	c1254 	5165 	 3296	   29	    0	    0	 1496	6437	000	017
2021-05-18 08:20:07	  63 	c1254 	5165 	 3295	   29	    0	    0	 1496	6435	000	017
2021-05-18 08:30:07	  63 	c1254 	5165 	 3295	   32	    0	    0	 1497	6435	000	017
2021-05-18 08:40:07	  63 	c1254 	5165 	 3296	    2	    0	    0	 1496	6437	000	017
2021-05-18 08:50:07	  63 	c1254 	5165 	 3294	    1	    0	    0	 1496	6433	000	017
2021-05-18 09:00:07	  63 	c1254 	5165 	 3295	    1	    0	    0	 1495	6435	000	017
2021-05-18 09:10:07	  63 	c1254 	5165 	 3295	   60	    0	    0	 1495	6435	000	017
2021-05-18 09:20:07	  63 	c1254 	5167 	 3296	 3822	    0	    0	 1496	6437	000	017
2021-05-18 09:30:07	  63 	c1254 	5177 	 3295	 3887	    0	    0	 1494	6435	000	017
2021-05-18 09:40:07	  63 	c1254 	5185 	 3295	 3899	    0	    0	 1493	6435	000	017
2021-05-18 09:50:07	  63 	c1254 	5191 	 3295	 3852	    0	    0	 1492	6435	000	016
2021-05-18 10:00:07	  63 	c1254 	5204 	 3294	 3820	    0	    0	 1491	6433	000	016
2021-05-18 10:10:07	  63 	c1254 	5222 	 3293	 3882	    0	    0	 1491	6431	000	016
2021-05-18 10:20:07	  63 	c1254 	5229 	 3293	   31	    0	    0	 1489	6431	000	016
2021-05-18 10:30:07	  63 	c1254 	5229 	 3293	   31	    0	    0	 1491	6431	000	016
2021-05-18 10:40:07	  63 	c1254 	5229 	 3293	   30	    0	    0	 1491	6431	000	016
2021-05-18 10:50:07	  63 	c1254 	5229 	 3292	   31	    0	    0	 1492	6429	000	016
2021-05-18 11:00:07	  63 	c1254 	5233 	 3293	  131	    0	    0	 1493	6431	000	017
2021-05-18 11:10:07	  63 	c1254 	5234 	 3293	 3880	    0	    0	 1495	6431	000	017
2021-05-18 11:20:07	  63 	c1254 	5245 	 3293	 3815	    0	    0	 1494	6431	000	017
2021-05-18 11:27:27	 701 	c1254						 2995 bytes to file.
Date 	Hmsec 	CounterID 	EventID 	Batt 	Light 	T1 	T2 	TC 	Batt(mV) 	Wgt(g/10) 	CoreTemp(C) 	Version 	1903281141 
2021-05-18 11:30:12	  63 	c1254 	5273 	 3293	 3932	    0	    0	 1497	6431	000	017
2021-05-18 11:40:12	  63 	c1254 	5310 	 3293	 3987	    0	    0	 1499	6431	000	018
2021-05-18 11:50:12	  63 	c1254 	5323 	 3293	 3904	    0	    0	 1504	6431	000	019
2021-05-18 12:00:12	  63 	c1254 	5334 	 3293	 3899	    0	    0	 1509	6431	000	020
2021-05-18 12:07:13	 292 	c1254						 411 bytes to file.
Date 	Hmsec 	CounterID 	EventID 	Batt 	Light 	T1 	T2 	TC 	Batt(mV) 	Wgt(g/10) 	CoreTemp(C) 	Version 	1903281141 
2021-05-18 12:10:16	  63 	c1254 	5357 	 3294	 3847	    0	    0	 1505	6433	000	019
2021-05-18 12:20:16	  63 	c1254 	5398 	 3293	 3879	    0	    0	 1502	6431	000	018
2021-05-18 12:30:16	  63 	c1254 	5425 	 3293	 3860	    0	    0	 1503	6431	000	019
2021-05-18 12:40:16	  63 	c1254 	5429 	 3293	 3901	    0	    0	 1501	6431	000	018
2021-05-18 12:50:16	  63 	c1254 	5447 	 3293	 3891	    0	    0	 1503	6431	000	019
2021-05-18 12:51:51	 343 	c1254						 479 bytes to file.
Date 	Hmsec 	CounterID 	EventID 	Batt 	Light 	T1 	T2 	TC 	Batt(mV) 	Wgt(g/10) 	CoreTemp(C) 	Version 	1903281141 
2021-05-18 13:00:20	  63 	c1254 	5531 	 3293	 3863	    0	    0	 1503	6431	000	019
2021-05-18 13:06:20	 258 	c1254						 207 bytes to file.
Date 	Hmsec 	CounterID 	EventID 	Batt 	Light 	T1 	T2 	TC 	Batt(mV) 	Wgt(g/10) 	CoreTemp(C) 	Version 	1903281141 
2021-05-18 13:10:24	  63 	c1254 	5552 	 3293	 3843	    0	    0	 1500	6431	000	018
2021-05-18 13:20:24	  63 	c1254 	5586 	 3293	 3827	    0	    0	 1499	6431	000	018
2021-05-18 13:30:24	  63 	c1254 	5616 	 3293	 3962	    0	    0	 1500	6431	000	018
2021-05-18 13:40:24	  63 	c1254 	5634 	 3293	 3904	    0	    0	 1503	6431	000	019
2021-05-18 13:44:53	 332 	c1254						 411 bytes to file.
Date 	Hmsec 	CounterID 	EventID 	Batt 	Light 	T1 	T2 	TC 	Batt(mV) 	Wgt(g/10) 	CoreTemp(C) 	Version 	1903281141 
2021-05-18 13:50:28	  63 	c1254 	5644 	 3292	 3863	    0	    0	 1504	6429	000	019
2021-05-18 14:00:28	  63 	c1254 	5660 	 3293	 3722	    0	    0	 1501	6431	000	018
2021-05-18 14:10:28	  63 	c1254 	5664 	 3293	 3631	    0	    0	 1499	6431	000	018
2021-05-18 14:17:51	 282 	c1254						 343 bytes to file.
Date 	Hmsec 	CounterID 	EventID 	Batt 	Light 	T1 	T2 	TC 	Batt(mV) 	Wgt(g/10) 	CoreTemp(C) 	Version 	1903281141 
2021-05-18 14:20:32	  63 	c1254 	5670 	 3291	   48	    0	    0	 1497	6427	000	017
2021-05-18 14:30:32	  63 	c1254 	5670 	 3292	   35	    0	    0	 1499	6429	000	018
2021-05-18 14:40:32	  63 	c1254 	5670 	 3292	   34	    0	    0	 1500	6429	000	018
2021-05-18 14:50:32	  63 	c1254 	5670 	 3292	   29	    0	    0	 1500	6429	000	018
2021-05-18 15:00:32	  63 	c1254 	5670 	 3292	   29	    0	    0	 1500	6429	000	018
2021-05-18 15:10:32	  63 	c1254 	5670 	 3292	   29	    0	    0	 1500	6429	000	018
2021-05-18 15:20:32	  63 	c1254 	5670 	 3291	   29	    0	    0	 1500	6427	000	018
2021-05-18 15:30:32	  63 	c1254 	5670 	 3291	   29	    0	    0	 1502	6427	000	018
2021-05-18 15:40:32	  63 	c1254 	5670 	 3292	   31	    0	    0	 1503	6429	000	019
2021-05-18 15:50:32	  63 	c1254 	5670 	 3292	   30	    0	    0	 1504	6429	000	019
2021-05-18 16:00:32	  63 	c1254 	5670 	 3291	   30	    0	    0	 1506	6427	000	019
2021-05-18 16:10:32	  63 	c1254 	5670 	 3292	   30	    0	    0	 1505	6429	000	019
2021-05-18 16:20:32	  63 	c1254 	5670 	 3292	   30	    0	    0	 1506	6429	000	019
2021-05-18 16:30:32	  63 	c1254 	5670 	 3292	   30	    0	    0	 1507	6429	000	019
2021-05-18 16:40:32	  63 	c1254 	5670 	 3293	   30	    0	    0	 1507	6431	000	019
2021-05-18 16:50:32	  63 	c1254 	5670 	 3292	  169	    0	    0	 1508	6429	000	020
2021-05-18 16:53:10	 465 	c1254						 1227 bytes to file.
