Date	 Hmsec	 CounterID	 EventID	 CounterMsgID	 Status(bin)	 Status(dec)	 Timer[s/12000]	 Unclear	 Entry	 LookIn	 Exit	 LookOut	 Visits
2019-05-09 16:19:22	 523 	c1254 	1590 	 63 	 10101000 	 168 	 14374088 	 56	 103	 74	 172	 5	 166	 
2019-05-09 16:19:24	1121 	c1254 	1591 	 69 	 01110100 	 116 	 14401976 	 56	 103	 75	 172	 5	 167	 
2019-05-09 16:19:34	1092 	c1254 	1592 	 73 	 10101000 	 168 	 14512448 	 57	 103	 75	 172	 5	 167	 
2019-05-10 00:41:57	 886 	c1254	458 bytes to file.
Date	 Hmsec	 CounterID	 EventID	 CounterMsgID	 Status(bin)	 Status(dec)	 Timer[s/12000]	 Unclear	 Entry	 LookIn	 Exit	 LookOut	 Visits
2019-05-10 09:11:57	 794 	c1254	161 bytes to file.
Date	 Hmsec	 CounterID	 EventID	 CounterMsgID	 Status(bin)	 Status(dec)	 Timer[s/12000]	 Unclear	 Entry	 LookIn	 Exit	 LookOut	 Visits
2019-05-10 09:19:28	 784 	c1254 	1594 	 84 	 10111000 	 184 	 8461168 	 57	 103	 75	 172	 6	 167	 
2019-05-10 09:19:36	 861 	c1254 	1595 	 94 	 10111000 	 184 	 8548096 	 57	 103	 75	 172	 7	 167	 
2019-05-10 09:19:38	1042 	c1254 	1597 	 108 	 01110100 	 116 	 8571352 	 57	 103	 76	 172	 7	 168	 
2019-05-10 09:22:01	 590 	c1254 	1598 	 115 	 01111000 	 120 	 10108504 	 57	 103	 76	 173	 7	 168	 
2019-05-10 09:22:07	  37 	c1254 	1599 	 123 	 01111000 	 120 	 10168024 	 57	 103	 76	 174	 7	 168	 
2019-05-10 09:22:08	 527 	c1254 	1600 	 135 	 01110100 	 116 	 10183408 	 57	 103	 77	 174	 7	 169	 
2019-05-10 09:22:10	   8 	c1254 	1602 	 141 	 01010100 	 84 	 10200112 	 58	 103	 77	 174	 7	 169	 
2019-05-10 09:22:12	 758 	c1254 	1603 	 147 	 01110100 	 116 	 10228720 	 58	 103	 78	 174	 7	 169	 
2019-05-10 09:23:38	 996 	c1254 	1604 	 152 	 01010100 	 84 	 11158600 	 59	 103	 78	 174	 7	 169	 
2019-05-10 09:23:40	 548 	c1254 	1605 	 156 	 01010100 	 84 	 11175976 	 60	 103	 78	 174	 7	 169	 
2019-05-10 09:23:44	 188 	c1254 	1608 	 168 	 01110100 	 116 	 11215792 	 60	 103	 79	 174	 7	 170	 
2019-05-10 09:23:47	 466 	c1254 	1609 	 176 	 01110100 	 116 	 11250808 	 60	 103	 80	 174	 7	 170	 
2019-05-10 09:24:01	 352 	c1254 	1610 	 181 	 01010100 	 84 	 11400808 	 61	 103	 80	 174	 7	 170	 
2019-05-10 09:24:02	1108 	c1254 	1611 	 185 	 01010100 	 84 	 11418688 	 62	 103	 80	 174	 7	 170	 
2019-05-10 09:24:05	 852 	c1254 	1612 	 189 	 01010100 	 84 	 11448664 	 63	 103	 80	 174	 7	 170	 
2019-05-10 09:24:11	 961 	c1254 	1613 	 195 	 01110100 	 116 	 11514448 	 63	 103	 81	 174	 7	 171	 
2019-05-10 09:24:13	 131 	c1254 	1614 	 201 	 01110100 	 116 	 11528248 	 63	 103	 82	 174	 7	 171	 
2019-05-10 09:24:14	 385 	c1254 	1615 	 207 	 01110100 	 116 	 11541424 	 63	 103	 83	 174	 7	 171	 
2019-05-10 09:24:20	  27 	c1254 	1617 	 217 	 01110100 	 116 	 11602840 	 63	 103	 84	 174	 7	 171	 
2019-05-10 09:24:25	 400 	c1254 	1619 	 227 	 01110100 	 116 	 11660320 	 63	 103	 85	 174	 7	 171	 
2019-05-10 09:24:27	 437 	c1254 	1620 	 233 	 01110100 	 116 	 11682256 	 63	 103	 86	 174	 7	 171	 
2019-05-10 09:25:25	 733 	c1254 	1621 	 242 	 01110100 	 116 	 12311152 	 63	 103	 87	 174	 7	 172	 
2019-05-10 09:25:38	 402 	c1254 	1622 	 249 	 01110100 	 116 	 12448408 	 63	 103	 88	 174	 7	 173	 
2019-05-10 09:25:40	 451 	c1254 	1623 	 5 	 01110100 	 116 	 12470488 	 63	 103	 89	 174	 7	 173	 
2019-05-10 09:25:42	 992 	c1254 	1625 	 13 	 01110100 	 116 	 12497176 	 63	 103	 90	 174	 7	 173	 
2019-05-10 09:25:45	 847 	c1254 	1626 	 19 	 10110100 	 180 	 12528232 	 63	 104	 90	 174	 7	 173	 
2019-05-10 09:26:00	 212 	c1254 	1627 	 27 	 01111000 	 120 	 12684280 	 63	 104	 90	 175	 7	 173	 
2019-05-10 09:26:03	 698 	c1254 	1628 	 31 	 10101000 	 168 	 12721240 	 64	 104	 90	 175	 7	 173	 
2019-05-10 09:26:05	  37 	c1254 	1629 	 41 	 01111000 	 120 	 12736648 	 64	 104	 90	 176	 7	 173	 
2019-05-10 09:26:53	 190 	c1254 	1630 	 45 	 01010100 	 84 	 13256584 	 65	 104	 90	 176	 7	 173	 
2019-05-10 09:26:54	 752 	c1254 	1631 	 51 	 01110100 	 116 	 13272664 	 65	 104	 91	 176	 7	 174	 
2019-05-10 09:30:37	 443 	c1254 	1633 	 62 	 01111000 	 120 	 15679768 	 65	 104	 91	 177	 7	 174	 
2019-05-10 09:33:22	 177 	c1254 	1635 	 74 	 11110100 	 244 	 684696 	 66	 104	 91	 177	 7	 174	 
2019-05-10 09:33:29	1023 	c1254 	1637 	 83 	 01111000 	 120 	 768384 	 66	 104	 91	 178	 7	 174	 
2019-05-10 09:38:58	 838 	c1254 	1639 	 92 	 10110100 	 180 	 4327392 	 66	 105	 91	 178	 7	 175	 
2019-05-10 09:39:18	  79 	c1254 	1640 	 98 	 01111000 	 120 	 4536792 	 66	 105	 91	 179	 7	 175	 
2019-05-10 09:41:01	 527 	c1254 	1641 	 110 	 10110100 	 180 	 5656152 	 66	 106	 91	 179	 7	 176	 
2019-05-10 09:41:12	  62 	c1254 	1642 	 119 	 01111000 	 120 	 5770872 	 66	 106	 91	 180	 7	 176	 
2019-05-10 09:41:31	 717 	c1254 	1643 	 127 	 01110100 	 116 	 5982768 	 66	 106	 92	 180	 7	 177	 
2019-05-10 09:41:43	 532 	c1254 	1644 	 134 	 01111000 	 120 	 6110976 	 66	 106	 92	 181	 7	 177	 
2019-05-10 09:42:31	 340 	c1254 	1646 	 144 	 10110100 	 180 	 6628944 	 66	 107	 92	 181	 7	 178	 
2019-05-10 09:42:51	 810 	c1254 	1647 	 150 	 01111000 	 120 	 6849912 	 66	 107	 92	 182	 7	 178	 
2019-05-10 09:43:24	1139 	c1254 	1648 	 156 	 01110100 	 116 	 7210368 	 66	 107	 93	 182	 7	 179	 
2019-05-10 09:43:48	 603 	c1254 	1649 	 163 	 01111000 	 120 	 7465224 	 66	 107	 93	 183	 7	 179	 
2019-05-10 09:44:26	 316 	c1254 	1650 	 173 	 01110100 	 116 	 7874088 	 66	 107	 94	 183	 7	 180	 
2019-05-10 09:44:32	 767 	c1254 	1651 	 179 	 01111000 	 120 	 7943304 	 66	 107	 94	 184	 7	 180	 
2019-05-10 09:45:03	1023 	c1254 	1652 	 189 	 01110100 	 116 	 8281392 	 66	 107	 95	 184	 7	 181	 
2019-05-10 09:45:11	 485 	c1254 	1653 	 195 	 01111000 	 120 	 8362968 	 66	 107	 95	 185	 7	 181	 
2019-05-10 09:45:30	 298 	c1254 	1654 	 201 	 10110100 	 180 	 8567016 	 66	 108	 95	 185	 7	 182	 
2019-05-10 09:45:37	 230 	c1254 	1655 	 207 	 10111000 	 184 	 8642208 	 66	 108	 95	 185	 8	 182	 
2019-05-10 09:46:07	 158 	c1254 	1656 	 215 	 10110100 	 180 	 8966448 	 66	 109	 95	 185	 8	 183	 
2019-05-10 09:46:14	 988 	c1254 	1657 	 221 	 01111000 	 120 	 9050112 	 66	 109	 95	 186	 8	 183	 
2019-05-10 09:48:05	 297 	c1254 	1658 	 227 	 01110100 	 116 	 10246080 	 66	 109	 96	 186	 8	 184	 
2019-05-10 09:48:11	 800 	c1254 	1659 	 233 	 01111000 	 120 	 10315800 	 66	 109	 96	 187	 8	 184	 
2019-05-10 09:49:09	 864 	c1254 	1660 	 239 	 01110100 	 116 	 10944792 	 66	 109	 97	 187	 8	 185	 
2019-05-10 09:49:17	 228 	c1254 	1661 	 254 	 01111000 	 120 	 11025480 	 66	 109	 97	 188	 8	 185	 
2019-05-10 09:50:04	 270 	c1254 	1662 	 8 	 10110100 	 180 	 11535048 	 66	 110	 97	 188	 8	 186	 
2019-05-10 09:50:09	 704 	c1254 	1663 	 17 	 11111000 	 248 	 11593296 	 67	 110	 97	 188	 8	 186	 
2019-05-10 09:54:08	1062 	c1254 	1665 	 33 	 10110100 	 180 	 14186664 	 67	 111	 97	 188	 8	 187	 
2019-05-10 09:54:17	 139 	c1254 	1666 	 38 	 11111000 	 248 	 14275512 	 68	 111	 97	 188	 8	 187	 
2019-05-10 09:54:45	 514 	c1254 	1667 	 50 	 01110100 	 116 	 14582472 	 68	 111	 98	 188	 8	 188	 
2019-05-10 09:55:00	 301 	c1254 	1669 	 62 	 11111000 	 248 	 14743008 	 69	 111	 98	 188	 8	 188	 
2019-05-10 09:57:40	 609 	c1254 	1670 	 68 	 01110100 	 116 	 16480248 	 69	 111	 99	 188	 8	 189	 
2019-05-10 09:57:55	 445 	c1254 	1671 	 75 	 01111000 	 120 	 16641288 	 69	 111	 99	 189	 8	 189	 
2019-05-10 09:58:24	1144 	c1254 	1672 	 87 	 01110100 	 116 	 185048 	 69	 111	 100	 189	 8	 190	 
2019-05-10 09:58:32	1100 	c1254	6602 bytes to file.
Date	 Hmsec	 CounterID	 EventID	 CounterMsgID	 Status(bin)	 Status(dec)	 Timer[s/12000]	 Unclear	 Entry	 LookIn	 Exit	 LookOut	 Visits
2019-05-10 09:58:33	 781 	c1254 	1673 	 93 	 01111000 	 120 	 262544 	 69	 111	 100	 190	 8	 190	 
2019-05-10 09:59:13	 316 	c1254 	1674 	 101 	 01110100 	 116 	 708440 	 69	 111	 101	 190	 8	 191	 
2019-05-10 09:59:20	 571 	c1254 	1675 	 107 	 01111000 	 120 	 786728 	 69	 111	 101	 191	 8	 191	 
2019-05-10 09:59:39	  63 	c1254 	1677 	 117 	 10110100 	 180 	 987992 	 69	 112	 101	 191	 8	 192	 
2019-05-10 09:59:43	 307 	c1254 	1678 	 123 	 01111000 	 120 	 1033664 	 69	 112	 101	 192	 8	 192	 
2019-05-10 10:00:03	 298 	c1254 	1679 	 129 	 10110100 	 180 	 1250456 	 69	 113	 101	 192	 8	 193	 
2019-05-10 10:00:15	 128 	c1254 	1680 	 135 	 10111000 	 184 	 1379000 	 69	 113	 101	 192	 9	 193	 
2019-05-10 10:00:34	  74 	c1254 	1681 	 140 	 11110100 	 244 	 1584560 	 70	 113	 101	 192	 9	 193	 
2019-05-10 10:00:39	1139 	c1254 	1682 	 146 	 01111000 	 120 	 1648808 	 70	 113	 101	 193	 9	 193	 
2019-05-10 10:01:06	 826 	c1254 	1683 	 154 	 10110100 	 180 	 1938704 	 70	 114	 101	 193	 9	 194	 
2019-05-10 10:01:18	 484 	c1254 	1685 	 162 	 01111000 	 120 	 2065664 	 70	 114	 101	 194	 9	 194	 
2019-05-10 10:01:51	 126 	c1254 	1688 	 182 	 10110100 	 180 	 2420360 	 70	 115	 101	 194	 9	 195	 
2019-05-10 10:01:58	1141 	c1254 	1689 	 188 	 01111000 	 120 	 2505848 	 70	 115	 101	 195	 9	 195	 
2019-05-10 10:04:51	 814 	c1254 	1690 	 194 	 10110100 	 180 	 4379384 	 70	 116	 101	 195	 9	 196	 
2019-05-10 10:04:55	 179 	c1254 	1692 	 202 	 01110100 	 116 	 4416800 	 70	 116	 102	 195	 9	 197	 
2019-05-10 10:04:58	 236 	c1254 	1693 	 206 	 10101000 	 168 	 4449896 	 71	 116	 102	 195	 9	 197	 
2019-05-10 13:15:46	 635 	c1254 	1694 	 211 	 10101000 	 168 	 11775328 	 72	 116	 102	 195	 9	 197	 
2019-05-10 13:22:12	 762 	c1254 	1697 	 219 	 10101000 	 168 	 16008616 	 73	 116	 102	 195	 9	 197	 
2019-05-10 13:22:15	 143 	c1254 	1698 	 223 	 10101000 	 168 	 16035664 	 74	 116	 102	 195	 9	 197	 
2019-05-10 13:22:48	 741 	c1254	2059 bytes to file.
Date	 Hmsec	 CounterID	 EventID	 CounterMsgID	 Status(bin)	 Status(dec)	 Timer[s/12000]	 Unclear	 Entry	 LookIn	 Exit	 LookOut	 Visits
2019-05-10 13:22:49	 142 	c1254	161 bytes to file.
Date	 Hmsec	 CounterID	 EventID	 CounterMsgID	 Status(bin)	 Status(dec)	 Timer[s/12000]	 Unclear	 Entry	 LookIn	 Exit	 LookOut	 Visits
2019-05-10 13:22:49	 510 	c1254	161 bytes to file.
Date	 Hmsec	 CounterID	 EventID	 CounterMsgID	 Status(bin)	 Status(dec)	 Timer[s/12000]	 Unclear	 Entry	 LookIn	 Exit	 LookOut	 Visits
2019-05-10 13:22:50	 275 	c1254	161 bytes to file.
