Date	 Hmsec	 CounterID	 EventID	 CounterMsgID	 Status(bin)	 Status(dec)	 Timer[s/12000]	 Unclear	 Entry	 LookIn	 Exit	 LookOut	 Visits
2019-05-17 12:34:37	 620 	c1254 	2348 	 210 	 10101000 	 168 	 2158744 	 237	 201	 197	 319	 38	 363	 
2019-05-17 20:52:40	 791 	c1254	263 bytes to file.
Date	 Hmsec	 CounterID	 EventID	 CounterMsgID	 Status(bin)	 Status(dec)	 Timer[s/12000]	 Unclear	 Entry	 LookIn	 Exit	 LookOut	 Visits
2019-05-18 05:22:40	 793 	c1254	161 bytes to file.
Date	 Hmsec	 CounterID	 EventID	 CounterMsgID	 Status(bin)	 Status(dec)	 Timer[s/12000]	 Unclear	 Entry	 LookIn	 Exit	 LookOut	 Visits
2019-05-18 08:29:32	 194 	c1254 	2349 	 214 	 10101000 	 168 	 14641536 	 238	 201	 197	 319	 38	 363	 
2019-05-18 08:33:52	 940 	c1254 	2350 	 218 	 10101000 	 168 	 689120 	 239	 201	 197	 319	 38	 363	 
2019-05-18 09:10:56	 266 	c1254 	2351 	 222 	 10101000 	 168 	 8049400 	 240	 201	 197	 319	 38	 363	 
2019-05-18 09:48:58	 177 	c1254 	2352 	 230 	 10111000 	 184 	 16110480 	 240	 201	 197	 319	 39	 363	 
2019-05-18 10:07:51	 149 	c1254 	2353 	 234 	 01010100 	 84 	 11686472 	 241	 201	 197	 319	 39	 363	 
2019-05-18 10:07:54	1033 	c1254 	2354 	 240 	 01110100 	 116 	 11727560 	 241	 201	 198	 319	 39	 364	 
2019-05-18 10:07:58	 134 	c1254 	2358 	 255 	 01110100 	 116 	 11762720 	 241	 201	 199	 319	 39	 364	 
2019-05-18 10:13:00	 161 	c1254 	2359 	 9 	 01110100 	 116 	 15058544 	 241	 201	 200	 319	 39	 365	 
2019-05-18 10:13:46	 472 	c1254 	2360 	 14 	 01010100 	 84 	 15563456 	 242	 201	 200	 319	 39	 365	 
2019-05-18 10:13:49	 280 	c1254 	2361 	 18 	 01010100 	 84 	 15594392 	 243	 201	 200	 319	 39	 365	 
2019-05-18 10:13:53	 937 	c1254 	2362 	 24 	 01110100 	 116 	 15644240 	 243	 201	 201	 319	 39	 366	 
2019-05-18 10:13:56	 794 	c1254 	2363 	 28 	 01010100 	 84 	 15675632 	 244	 201	 201	 319	 39	 366	 
2019-05-18 10:13:58	1024 	c1254 	2364 	 32 	 01010100 	 84 	 15699632 	 245	 201	 201	 319	 39	 366	 
2019-05-18 10:14:01	 741 	c1254 	2365 	 36 	 01010100 	 84 	 15729704 	 246	 201	 201	 319	 39	 366	 
2019-05-18 10:14:05	 389 	c1254 	2366 	 41 	 01010100 	 84 	 15770024 	 247	 201	 201	 319	 39	 366	 
2019-05-18 10:14:06	 202 	c1254 	2367 	 45 	 01010100 	 84 	 15779168 	 248	 201	 201	 319	 39	 366	 
2019-05-18 10:14:18	 797 	c1254 	2368 	 49 	 01010100 	 84 	 15915752 	 249	 201	 201	 319	 39	 366	 
2019-05-18 10:14:19	 821 	c1254 	2369 	 53 	 01010100 	 84 	 15926888 	 250	 201	 201	 319	 39	 366	 
2019-05-18 10:14:29	 143 	c1254 	2370 	 57 	 01010100 	 84 	 16029632 	 251	 201	 201	 319	 39	 366	 
2019-05-18 10:14:33	 144 	c1254 	2371 	 61 	 01010100 	 84 	 16073312 	 252	 201	 201	 319	 39	 366	 
2019-05-18 10:14:35	 971 	c1254 	2372 	 65 	 01010100 	 84 	 16102952 	 253	 201	 201	 319	 39	 366	 
2019-05-18 10:14:40	 308 	c1254 	2373 	 73 	 01110100 	 116 	 16151264 	 253	 201	 202	 319	 39	 367	 
2019-05-18 10:14:42	 828 	c1254 	2374 	 79 	 01110100 	 116 	 16178000 	 253	 201	 203	 319	 39	 367	 
2019-05-18 10:14:46	 106 	c1254 	2375 	 85 	 01110100 	 116 	 16214840 	 253	 201	 204	 319	 39	 367	 
2019-05-18 10:14:48	1027 	c1254 	2377 	 97 	 01110100 	 116 	 16245368 	 253	 201	 205	 319	 39	 367	 
2019-05-18 10:15:38	 549 	c1254 	2379 	 108 	 01111000 	 120 	 9280 	 253	 201	 205	 320	 39	 367	 
2019-05-18 10:18:58	 818 	c1254 	2380 	 114 	 01110100 	 116 	 2194816 	 253	 201	 206	 320	 39	 368	 
2019-05-18 10:18:59	 203 	c1254 	2381 	 122 	 01110100 	 116 	 2199928 	 253	 201	 207	 320	 39	 368	 
2019-05-18 10:21:08	1103 	c1254 	2382 	 131 	 01111000 	 120 	 3616480 	 253	 201	 207	 321	 39	 368	 
2019-05-18 10:21:18	 202 	c1254 	2383 	 137 	 01110100 	 116 	 3717136 	 253	 201	 208	 321	 39	 369	 
2019-05-18 10:21:20	1087 	c1254 	2385 	 145 	 01110100 	 116 	 3747328 	 253	 201	 209	 321	 39	 369	 
2019-05-18 10:21:42	 145 	c1254 	2387 	 156 	 01111000 	 120 	 3978616 	 253	 201	 209	 322	 39	 369	 
2019-05-18 10:22:09	 682 	c1254 	2388 	 162 	 01110100 	 116 	 4278376 	 253	 201	 210	 322	 39	 370	 
2019-05-18 10:22:10	1107 	c1254 	2389 	 166 	 01010100 	 84 	 4293304 	 254	 201	 210	 322	 39	 370	 
2019-05-18 10:22:12	 668 	c1254 	2390 	 174 	 01110100 	 116 	 4310992 	 254	 201	 211	 322	 39	 370	 
2019-05-18 10:22:17	 849 	c1254 	2392 	 180 	 01010100 	 84 	 4367296 	 255	 201	 211	 322	 39	 370	 
2019-05-18 10:22:27	 462 	c1254 	2393 	 187 	 01110100 	 116 	 4472800 	 255	 201	 212	 322	 39	 371	 
2019-05-18 10:22:29	 707 	c1254 	2394 	 191 	 01010100 	 84 	 4496944 	 256	 201	 212	 322	 39	 371	 
2019-05-18 10:22:31	 118 	c1254 	2396 	 201 	 01110100 	 116 	 4513216 	 256	 201	 213	 322	 39	 371	 
2019-05-18 10:22:38	1018 	c1254 	2397 	 207 	 01111000 	 120 	 4598128 	 256	 201	 213	 323	 39	 371	 
2019-05-18 10:23:37	 364 	c1254 	2399 	 217 	 01110100 	 116 	 5236168 	 256	 201	 214	 323	 39	 372	 
2019-05-18 10:23:51	 789 	c1254 	2400 	 228 	 01110100 	 116 	 5393056 	 256	 201	 215	 323	 39	 373	 
2019-05-18 10:25:24	 657 	c1254 	2401 	 237 	 01110100 	 116 	 6407320 	 256	 201	 216	 323	 39	 374	 
2019-05-18 10:25:34	1131 	c1254 	2402 	 245 	 01111000 	 120 	 6520984 	 256	 201	 216	 324	 39	 374	 
2019-05-18 10:26:26	1082 	c1254 	2403 	 255 	 01110100 	 116 	 7088368 	 256	 201	 217	 324	 39	 375	 
2019-05-18 10:26:47	 309 	c1254 	2404 	 10 	 10110100 	 180 	 7310392 	 256	 202	 217	 324	 39	 376	 
2019-05-18 10:26:56	1019 	c1254 	2405 	 17 	 11111000 	 248 	 7415368 	 257	 202	 217	 324	 39	 376	 
2019-05-18 10:30:44	 551 	c1254 	2406 	 23 	 01111000 	 120 	 9900952 	 257	 202	 217	 325	 39	 376	 
2019-05-18 10:30:51	  99 	c1254 	2407 	 31 	 01110100 	 116 	 9973144 	 257	 202	 218	 325	 39	 377	 
2019-05-18 10:31:27	 694 	c1254 	2408 	 38 	 01111000 	 120 	 10371952 	 257	 202	 218	 326	 39	 377	 
2019-05-18 10:31:47	 552 	c1254 	2409 	 46 	 01110100 	 116 	 10589032 	 257	 202	 219	 326	 39	 378	 
2019-05-18 10:31:58	 251 	c1254 	2410 	 53 	 11111000 	 248 	 10706344 	 258	 202	 219	 326	 39	 378	 
2019-05-18 10:34:14	1031 	c1254 	2411 	 60 	 01110100 	 116 	 12199024 	 258	 202	 220	 326	 39	 379	 
2019-05-18 10:34:33	 581 	c1254 	2412 	 65 	 10101000 	 168 	 12402280 	 259	 202	 220	 326	 39	 379	 
2019-05-18 10:34:35	 314 	c1254 	2413 	 69 	 10101000 	 168 	 12421600 	 260	 202	 220	 326	 39	 379	 
2019-05-18 10:34:39	 170 	c1254 	2415 	 75 	 10101000 	 168 	 12463936 	 261	 202	 220	 326	 39	 379	 
2019-05-18 10:34:39	1148 	c1254 	2416 	 79 	 10101000 	 168 	 12473176 	 262	 202	 220	 326	 39	 379	 
2019-05-18 10:43:21	 742 	c1254 	2417 	 83 	 10101000 	 168 	 1393416 	 263	 202	 220	 326	 39	 379	 
2019-05-18 10:43:25	 551 	c1254 	2418 	 87 	 10101000 	 168 	 1435296 	 264	 202	 220	 326	 39	 379	 
2019-05-18 10:50:31	 913 	c1254 	2419 	 91 	 10101000 	 168 	 6091728 	 265	 202	 220	 326	 39	 379	 
2019-05-18 11:00:29	 618 	c1254 	2422 	 99 	 10101000 	 168 	 12625176 	 266	 202	 220	 326	 39	 379	 
2019-05-18 11:28:19	 864 	c1254 	2423 	 103 	 10101000 	 168 	 14109536 	 267	 202	 220	 326	 39	 379	 
2019-05-18 11:32:23	 974 	c1254 	2424 	 107 	 10101000 	 168 	 1216 	 268	 202	 220	 326	 39	 379	 
2019-05-18 11:32:25	 281 	c1254 	2425 	 111 	 10101000 	 168 	 16528 	 269	 202	 220	 326	 39	 379	 
2019-05-18 11:33:43	 531 	c1254 	2428 	 119 	 10101000 	 168 	 871720 	 270	 202	 220	 326	 39	 379	 
2019-05-18 11:43:02	  98 	c1254 	2432 	 129 	 10101000 	 168 	 6979168 	 271	 202	 220	 326	 39	 379	 
2019-05-18 11:43:58	 577 	c1254 	2433 	 133 	 10101000 	 168 	 7595728 	 272	 202	 220	 326	 39	 379	 
2019-05-18 11:43:59	 982 	c1254 	2435 	 139 	 10101000 	 168 	 7610488 	 273	 202	 220	 326	 39	 379	 
2019-05-18 11:44:14	 762 	c1254 	2440 	 151 	 10101000 	 168 	 7772368 	 274	 202	 220	 326	 39	 379	 
2019-05-18 11:45:51	 440 	c1254 	2443 	 159 	 10101000 	 168 	 8829736 	 275	 202	 220	 326	 39	 379	 
2019-05-18 11:55:31	1091 	c1254 	2448 	 171 	 10101000 	 168 	 15175120 	 276	 202	 220	 326	 39	 379	 
2019-05-18 11:55:46	 516 	c1254 	2450 	 177 	 10101000 	 168 	 15333664 	 277	 202	 220	 326	 39	 379	 
2019-05-18 12:01:36	 932 	c1254 	2453 	 185 	 10101000 	 168 	 2386224 	 278	 202	 220	 326	 39	 379	 
2019-05-18 13:11:36	 673 	c1254 	2454 	 189 	 10101000 	 168 	 14779984 	 279	 202	 220	 326	 39	 379	 
2019-05-18 13:11:39	 949 	c1254 	2456 	 195 	 10101000 	 168 	 14815480 	 280	 202	 220	 326	 39	 379	 
2019-05-18 13:21:46	 966 	c1254 	2457 	 199 	 10101000 	 168 	 4696056 	 281	 202	 220	 326	 39	 379	 
2019-05-18 13:21:57	 675 	c1254 	2458 	 203 	 10101000 	 168 	 4814040 	 282	 202	 220	 326	 39	 379	 
2019-05-18 13:22:07	 316 	c1254	7991 bytes to file.
Date	 Hmsec	 CounterID	 EventID	 CounterMsgID	 Status(bin)	 Status(dec)	 Timer[s/12000]	 Unclear	 Entry	 LookIn	 Exit	 LookOut	 Visits
2019-05-18 13:22:07	1131 	c1254	161 bytes to file.
