Date	 Hmsec	 CounterID	 EventID	 CounterMsgID	 Status(bin)	 Status(dec)	 Timer[s/12000]	 Unclear	 Entry	 LookIn	 Exit	 LookOut	 Visits
2019-05-23 15:18:42	   0 	c1254 	2894 	 2 	 11111100 	 252 	 4056 	 1	 0	 0	 0	 0	 0	 
2020-05-13 17:57:26	 164 	c1254 	2896 	 8 	 10101000 	 168 	 1443720 	 2	 0	 0	 0	 0	 0	 
2020-05-13 17:57:28	 831 	c1254 	2897 	 12 	 10101000 	 168 	 1472328 	 3	 0	 0	 0	 0	 0	 
2020-05-13 17:57:30	 955 	c1254 	2900 	 20 	 10101000 	 168 	 1495752 	 4	 0	 0	 0	 0	 0	 
2020-05-13 17:57:31	 964 	c1254 	2902 	 26 	 10101000 	 168 	 1506960 	 5	 0	 0	 0	 0	 0	 
2020-05-13 17:57:36	 648 	c1254 	2903 	 30 	 10101000 	 168 	 1559544 	 6	 0	 0	 0	 0	 0	 
2020-05-13 17:58:05	 728 	c1254 	2904 	 34 	 10101000 	 168 	 1882776 	 7	 0	 0	 0	 0	 0	 
2020-05-13 17:58:13	 641 	c1254 	2905 	 38 	 10101000 	 168 	 1970904 	 8	 0	 0	 0	 0	 0	 
2020-05-13 17:58:32	  64 	c1254 	2906 	 42 	 10101000 	 168 	 2176656 	 9	 0	 0	 0	 0	 0	 
2020-05-14 02:05:37	  25 	c1254	966 bytes to file.
Date	 Hmsec	 CounterID	 EventID	 CounterMsgID	 Status(bin)	 Status(dec)	 Timer[s/12000]	 Unclear	 Entry	 LookIn	 Exit	 LookOut	 Visits
2020-05-14 08:22:19	 665 	c1254 	2907 	 46 	 10101000 	 168 	 5057168 	 10	 0	 0	 0	 0	 0	 
2020-05-14 08:24:47	 930 	c1254 	2909 	 52 	 10101000 	 168 	 6667352 	 11	 0	 0	 0	 0	 0	 
2020-05-14 09:03:13	1104 	c1254 	2910 	 56 	 10101000 	 168 	 14942680 	 12	 0	 0	 0	 0	 0	 
2020-05-14 09:11:28	 982 	c1254 	2911 	 60 	 10101000 	 168 	 3539040 	 13	 0	 0	 0	 0	 0	 
2020-05-14 09:11:35	 101 	c1254 	2912 	 64 	 10101000 	 168 	 3606768 	 14	 0	 0	 0	 0	 0	 
2020-05-14 09:11:52	 501 	c1254 	2914 	 72 	 01110100 	 116 	 3795096 	 14	 0	 1	 0	 0	 1	 
2020-05-14 09:19:57	 651 	c1254 	2915 	 77 	 01010100 	 84 	 9061464 	 15	 0	 1	 0	 0	 1	 
2020-05-14 09:20:17	 794 	c1254 	2916 	 81 	 01010100 	 84 	 9280008 	 16	 0	 1	 0	 0	 1	 
2020-05-14 09:20:19	 339 	c1254 	2917 	 85 	 01010100 	 84 	 9297456 	 17	 0	 1	 0	 0	 1	 
2020-05-14 09:20:32	 384 	c1254 	2918 	 91 	 01110100 	 116 	 9439056 	 17	 0	 2	 0	 0	 2	 
2020-05-14 09:20:35	 615 	c1254 	2919 	 95 	 01010100 	 84 	 9473808 	 18	 0	 2	 0	 0	 2	 
2020-05-14 09:20:36	 732 	c1254 	2920 	 99 	 01010100 	 84 	 9485760 	 19	 0	 2	 0	 0	 2	 
2020-05-14 09:31:16	 689 	c1254 	2921 	 104 	 01010100 	 84 	 16437696 	 20	 0	 2	 0	 0	 2	 
2020-05-14 09:31:40	 548 	c1254 	2922 	 108 	 01010100 	 84 	 16697208 	 21	 0	 2	 0	 0	 2	 
2020-05-14 09:31:49	 911 	c1254 	2923 	 112 	 01010100 	 84 	 21224 	 22	 0	 2	 0	 0	 2	 
2020-05-14 09:32:10	1136 	c1254 	2924 	 116 	 01010100 	 84 	 251552 	 23	 0	 2	 0	 0	 2	 
2020-05-14 09:47:36	  93 	c1254 	2925 	 120 	 01010100 	 84 	 10334408 	 24	 0	 2	 0	 0	 2	 
2020-05-14 09:47:41	 212 	c1254 	2926 	 124 	 01010100 	 84 	 10390088 	 25	 0	 2	 0	 0	 2	 
2020-05-14 09:47:43	1075 	c1254 	2927 	 128 	 01010100 	 84 	 10420064 	 26	 0	 2	 0	 0	 2	 
2020-05-14 09:47:47	 476 	c1254 	2928 	 132 	 01010100 	 84 	 10458056 	 27	 0	 2	 0	 0	 2	 
2020-05-14 09:47:49	  73 	c1254 	2929 	 136 	 01010100 	 84 	 10476080 	 28	 0	 2	 0	 0	 2	 
2020-05-14 09:48:09	 721 	c1254 	2930 	 140 	 01010100 	 84 	 10700384 	 29	 0	 2	 0	 0	 2	 
2020-05-14 09:48:10	 740 	c1254 	2931 	 144 	 01010100 	 84 	 10711472 	 30	 0	 2	 0	 0	 2	 
2020-05-14 09:48:12	 208 	c1254 	2932 	 150 	 01110100 	 116 	 10728272 	 30	 0	 3	 0	 0	 3	 
2020-05-14 09:48:14	 527 	c1254 	2933 	 156 	 01110100 	 116 	 10753112 	 30	 0	 4	 0	 0	 3	 
2020-05-14 09:48:19	 985 	c1254 	2934 	 160 	 01010100 	 84 	 10811984 	 31	 0	 4	 0	 0	 3	 
2020-05-14 09:48:21	 939 	c1254 	2935 	 164 	 01010100 	 84 	 10833368 	 32	 0	 4	 0	 0	 3	 
2020-05-14 09:48:33	 178 	c1254 	2938 	 173 	 01010100 	 84 	 10957088 	 33	 0	 4	 0	 0	 3	 
2020-05-14 09:48:43	 280 	c1254 	2939 	 177 	 01010100 	 84 	 11067152 	 34	 0	 4	 0	 0	 3	 
2020-05-14 09:48:52	 563 	c1254 	2940 	 181 	 01010100 	 84 	 11167976 	 35	 0	 4	 0	 0	 3	 
2020-05-14 09:48:54	 893 	c1254 	2942 	 187 	 01010100 	 84 	 11192912 	 36	 0	 4	 0	 0	 3	 
2020-05-14 09:48:56	 372 	c1254 	2943 	 191 	 01010100 	 84 	 11209808 	 37	 0	 4	 0	 0	 3	 
2020-05-14 09:49:02	 443 	c1254 	2944 	 195 	 01010100 	 84 	 11275928 	 38	 0	 4	 0	 0	 3	 
2020-05-14 09:49:13	 984 	c1254 	2945 	 199 	 01010100 	 84 	 11401016 	 39	 0	 4	 0	 0	 3	 
2020-05-14 09:49:16	 430 	c1254 	2946 	 203 	 01010100 	 84 	 11428520 	 40	 0	 4	 0	 0	 3	 
2020-05-14 09:49:18	 932 	c1254 	2947 	 209 	 01110100 	 116 	 11455064 	 40	 0	 5	 0	 0	 4	 
2020-05-14 09:49:19	 883 	c1254 	2948 	 213 	 01010100 	 84 	 11465504 	 41	 0	 5	 0	 0	 4	 
2020-05-14 09:49:22	 975 	c1254 	2950 	 225 	 01110100 	 116 	 11499104 	 41	 0	 6	 0	 0	 4	 
2020-05-14 09:49:26	 916 	c1254 	2951 	 229 	 01010100 	 84 	 11542184 	 42	 0	 6	 0	 0	 4	 
2020-05-14 09:49:31	  88 	c1254 	2952 	 235 	 01110100 	 116 	 11588912 	 42	 0	 7	 0	 0	 4	 
2020-05-14 09:49:32	1087 	c1254 	2953 	 239 	 01010100 	 84 	 11609240 	 43	 0	 7	 0	 0	 4	 
2020-05-14 09:49:38	 936 	c1254 	2954 	 243 	 01010100 	 84 	 11673272 	 44	 0	 7	 0	 0	 4	 
2020-05-14 09:49:43	 343 	c1254 	2955 	 250 	 01110100 	 116 	 11722232 	 44	 0	 8	 0	 0	 5	 
2020-05-14 09:49:45	 883 	c1254 	2956 	 254 	 01010100 	 84 	 11749136 	 45	 0	 8	 0	 0	 5	 
2020-05-14 09:50:04	  91 	c1254 	2958 	 7 	 01110100 	 116 	 11948912 	 45	 0	 9	 0	 0	 6	 
2020-05-14 09:50:08	 204 	c1254 	2959 	 14 	 11110100 	 244 	 11993600 	 46	 0	 9	 0	 0	 6	 
2020-05-14 09:50:14	  15 	c1254 	2960 	 22 	 01111000 	 120 	 12057248 	 46	 0	 9	 1	 0	 6	 
2020-05-14 10:02:31	 132 	c1254 	2961 	 26 	 01010100 	 84 	 3312280 	 47	 0	 9	 1	 0	 6	 
2020-05-14 10:02:33	 751 	c1254 	2962 	 30 	 01010100 	 84 	 3339880 	 48	 0	 9	 1	 0	 6	 
2020-05-14 10:02:34	 991 	c1254 	2963 	 38 	 01110100 	 116 	 3353032 	 48	 0	 10	 1	 0	 7	 
2020-05-14 10:02:36	 792 	c1254 	2964 	 44 	 01110100 	 116 	 3372952 	 48	 0	 11	 1	 0	 7	 
2020-05-14 10:02:38	1063 	c1254 	2965 	 52 	 01110100 	 116 	 3397288 	 48	 0	 12	 1	 0	 7	 
2020-05-14 10:02:41	 466 	c1254 	2967 	 60 	 01110100 	 116 	 3424336 	 48	 0	 13	 1	 0	 7	 
2020-05-14 10:02:43	 323 	c1254 	2968 	 64 	 01010100 	 84 	 3444760 	 49	 0	 13	 1	 0	 7	 
2020-05-14 10:02:44	 704 	c1254 	2969 	 68 	 01010100 	 84 	 3459232 	 50	 0	 13	 1	 0	 7	 
2020-05-14 10:02:45	 340 	c1254 	2970 	 74 	 01010100 	 84 	 3466696 	 51	 0	 13	 1	 0	 7	 
2020-05-14 10:02:49	 889 	c1254 	2971 	 82 	 01110100 	 116 	 3515416 	 51	 0	 14	 1	 0	 7	 
2020-05-14 10:02:56	 973 	c1254 	2972 	 86 	 01010100 	 84 	 3592408 	 52	 0	 14	 1	 0	 7	 
2020-05-14 10:03:11	  34 	c1254 	2973 	 91 	 01010100 	 84 	 3746824 	 53	 0	 14	 1	 0	 7	 
2020-05-14 10:03:15	1049 	c1254 	2974 	 95 	 01010100 	 84 	 3799912 	 54	 0	 14	 1	 0	 7	 
2020-05-14 10:03:19	  16 	c1254 	2975 	 99 	 01010100 	 84 	 3833728 	 55	 0	 14	 1	 0	 7	 
2020-05-14 10:03:26	 405 	c1254 	2976 	 103 	 01010100 	 84 	 3913576 	 56	 0	 14	 1	 0	 7	 
2020-05-14 10:03:27	1111 	c1254 	2977 	 109 	 01110100 	 116 	 3931096 	 56	 0	 15	 1	 0	 8	 
2020-05-14 10:03:31	   7 	c1254 	2978 	 115 	 01110100 	 116 	 3964240 	 56	 0	 16	 1	 0	 8	 
2020-05-14 10:03:34	 402 	c1254 	2979 	 119 	 01010100 	 84 	 4000600 	 57	 0	 16	 1	 0	 8	 
2020-05-14 10:03:36	 577 	c1254 	2980 	 125 	 01110100 	 116 	 4024000 	 57	 0	 17	 1	 0	 8	 
2020-05-14 10:03:37	 418 	c1254 	2981 	 129 	 01010100 	 84 	 4033384 	 58	 0	 17	 1	 0	 8	 
2020-05-14 10:03:39	 539 	c1254 	2982 	 135 	 01110100 	 116 	 4056280 	 58	 0	 18	 1	 0	 8	 
2020-05-14 10:03:43	 200 	c1254 	2983 	 141 	 01110100 	 116 	 4096624 	 58	 0	 19	 1	 0	 8	 
2020-05-14 10:03:45	 419 	c1254 	2984 	 147 	 01110100 	 116 	 4120456 	 58	 0	 20	 1	 0	 8	 
2020-05-14 10:03:46	 897 	c1254 	2985 	 155 	 10110100 	 180 	 4135840 	 58	 1	 20	 1	 0	 8	 
2020-05-14 10:03:52	1112 	c1254 	2986 	 161 	 01110100 	 116 	 4203160 	 58	 1	 21	 1	 0	 9	 
2020-05-14 10:03:54	  51 	c1254 	2987 	 169 	 10110100 	 180 	 4214944 	 58	 2	 21	 1	 0	 9	 
2020-05-14 10:03:59	 997 	c1254 	2988 	 175 	 01111000 	 120 	 4278256 	 58	 2	 21	 2	 0	 9	 
2020-05-14 10:04:52	 578 	c1254 	2989 	 185 	 10110100 	 180 	 4851088 	 58	 3	 21	 2	 0	 10	 
2020-05-14 10:04:59	1127 	c1254 	2990 	 193 	 01111000 	 120 	 4932400 	 58	 3	 21	 3	 0	 10	 
2020-05-14 10:06:30	 188 	c1254 	2991 	 209 	 10110100 	 180 	 5913256 	 58	 4	 21	 3	 0	 11	 
2020-05-14 10:06:38	 169 	c1254 	2992 	 215 	 01111000 	 120 	 6000112 	 58	 4	 21	 4	 0	 11	 
2020-05-14 10:07:28	 923 	c1254 	2994 	 227 	 10110100 	 180 	 6551056 	 58	 5	 21	 4	 0	 12	 
2020-05-14 10:07:31	 113 	c1254 	2995 	 231 	 10101000 	 168 	 6576064 	 59	 5	 21	 4	 0	 12	 
2020-05-14 10:07:41	 657 	c1254 	2996 	 239 	 01111000 	 120 	 6689968 	 59	 5	 21	 5	 0	 12	 
2020-05-14 10:10:25	 181 	c1254 	2997 	 251 	 01110100 	 116 	 8468368 	 59	 5	 22	 5	 0	 13	 
2020-05-14 10:10:27	 404 	c1254 	2998 	 255 	 10101000 	 168 	 8492200 	 60	 5	 22	 5	 0	 13	 
2020-05-14 10:10:28	 592 	c1254 	3000 	 5 	 10101000 	 168 	 8504824 	 61	 5	 22	 5	 0	 13	 
2020-05-14 10:10:30	 285 	c1254 	3001 	 11 	 01111000 	 120 	 8523688 	 61	 5	 22	 6	 0	 13	 
2020-05-14 10:10:36	1057 	c1254 	3002 	 19 	 01111000 	 120 	 8596144 	 61	 5	 22	 7	 0	 13	 
2020-05-14 10:11:54	 929 	c1254 	3003 	 29 	 10110100 	 180 	 9442336 	 61	 6	 22	 7	 0	 14	 
2020-05-14 10:12:17	1128 	c1254 	3008 	 41 	 10101000 	 168 	 9694048 	 62	 6	 22	 7	 0	 14	 
2020-05-14 10:12:21	 771 	c1254 	3011 	 51 	 10111000 	 184 	 9734152 	 62	 6	 22	 7	 1	 14	 
2020-05-14 10:12:25	 729 	c1254 	3013 	 59 	 01111000 	 120 	 9777232 	 62	 6	 22	 8	 1	 14	 
2020-05-14 10:12:54	 530 	c1254 	3014 	 69 	 01110100 	 116 	 10090384 	 62	 6	 23	 8	 1	 15	 
2020-05-14 10:13:03	 369 	c1254	8542 bytes to file.
Date	 Hmsec	 CounterID	 EventID	 CounterMsgID	 Status(bin)	 Status(dec)	 Timer[s/12000]	 Unclear	 Entry	 LookIn	 Exit	 LookOut	 Visits
2020-05-14 10:13:03	 901 	c1254 	3015 	 77 	 01111000 	 120 	 10157704 	 62	 6	 23	 9	 1	 15	 
2020-05-14 10:15:57	 894 	c1254 	3016 	 87 	 10110100 	 180 	 12081376 	 62	 7	 23	 9	 1	 16	 
2020-05-14 10:16:44	 561 	c1254 	3018 	 99 	 10110100 	 180 	 12588616 	 62	 8	 23	 9	 1	 17	 
2020-05-14 10:16:57	  44 	c1254 	3019 	 109 	 01111000 	 120 	 12724912 	 62	 8	 23	 10	 1	 17	 
2020-05-14 10:17:02	  23 	c1254 	3020 	 125 	 11111000 	 248 	 12779032 	 63	 8	 23	 10	 1	 17	 
2020-05-14 10:18:10	 266 	c1254 	3021 	 135 	 01110100 	 116 	 13519552 	 63	 8	 24	 10	 1	 18	 
2020-05-14 10:18:20	 241 	c1254 	3022 	 147 	 01110100 	 116 	 13627864 	 63	 8	 25	 10	 1	 18	 
2020-05-14 10:19:25	 344 	c1254 	3023 	 152 	 01010100 	 84 	 14334016 	 64	 8	 25	 10	 1	 18	 
2020-05-14 10:19:34	 799 	c1254 	3025 	 162 	 01110100 	 116 	 14435896 	 64	 8	 26	 10	 1	 19	 
2020-05-14 10:19:37	1117 	c1254 	3026 	 168 	 01110100 	 116 	 14471416 	 64	 8	 27	 10	 1	 19	 
2020-05-14 10:27:27	 385 	c1254 	3027 	 173 	 01010100 	 84 	 2780928 	 65	 8	 27	 10	 1	 19	 
2020-05-14 10:27:28	 683 	c1254 	3028 	 179 	 01110100 	 116 	 2794560 	 65	 8	 28	 10	 1	 20	 
2020-05-14 10:27:31	  20 	c1254 	3029 	 183 	 01010100 	 84 	 2820840 	 66	 8	 28	 10	 1	 20	 
2020-05-14 10:27:33	1153 	c1254 	3030 	 189 	 01110100 	 116 	 2853120 	 66	 8	 29	 10	 1	 20	 
2020-05-14 10:27:38	 565 	c1254 	3031 	 195 	 01110100 	 116 	 2901768 	 66	 8	 30	 10	 1	 20	 
2020-05-14 10:27:41	 504 	c1254 	3032 	 202 	 11110100 	 244 	 2933688 	 67	 8	 30	 10	 1	 20	 
2020-05-14 10:30:13	 568 	c1254 	3033 	 213 	 01111000 	 120 	 4580112 	 67	 8	 30	 11	 1	 20	 
2020-05-14 10:32:31	 563 	c1254 	3034 	 219 	 01110100 	 116 	 6074328 	 67	 8	 31	 11	 1	 21	 
2020-05-14 10:32:36	 981 	c1254 	3036 	 228 	 01110100 	 116 	 6132384 	 67	 8	 32	 11	 1	 21	 
2020-05-14 10:32:48	1047 	c1254 	3038 	 240 	 01111000 	 120 	 6262944 	 67	 8	 32	 12	 1	 21	 
2020-05-14 10:40:23	 482 	c1254 	3039 	 246 	 01110100 	 116 	 11184528 	 67	 8	 33	 12	 1	 22	 
2020-05-14 10:40:36	 487 	c1254 	3040 	 3 	 01111000 	 120 	 11325384 	 67	 8	 33	 13	 1	 22	 
2020-05-14 10:40:55	 333 	c1254 	3042 	 11 	 01110100 	 116 	 11529720 	 67	 8	 34	 13	 1	 23	 
2020-05-14 10:41:03	 897 	c1254 	3043 	 17 	 01111000 	 120 	 11621664 	 67	 8	 34	 14	 1	 23	 
2020-05-14 10:41:26	 927 	c1254 	3045 	 25 	 01110100 	 116 	 11871048 	 67	 8	 35	 14	 1	 24	 
2020-05-14 10:41:33	1045 	c1254 	3047 	 35 	 01111000 	 120 	 11947968 	 67	 8	 35	 15	 1	 24	 
2020-05-14 10:41:47	1078 	c1254 	3048 	 43 	 01110100 	 116 	 12099912 	 67	 8	 36	 15	 1	 25	 
2020-05-14 10:41:52	 975 	c1254 	3049 	 51 	 01111000 	 120 	 12153096 	 67	 8	 36	 16	 1	 25	 
2020-05-14 10:42:24	 397 	c1254 	3050 	 55 	 01010100 	 84 	 12494256 	 68	 8	 36	 16	 1	 25	 
2020-05-14 10:42:26	 336 	c1254 	3052 	 73 	 10110100 	 180 	 12515352 	 68	 9	 36	 16	 1	 26	 
2020-05-14 10:42:32	 189 	c1254 	3054 	 83 	 11111000 	 248 	 12578952 	 69	 9	 36	 16	 1	 26	 
2020-05-14 10:44:34	 579 	c1254 	3055 	 91 	 01110100 	 116 	 13903896 	 69	 9	 37	 16	 1	 27	 
2020-05-14 10:44:41	1093 	c1254 	3057 	 99 	 11111000 	 248 	 13984536 	 70	 9	 37	 16	 1	 27	 
2020-05-14 10:45:33	  53 	c1254 	3059 	 109 	 01110100 	 116 	 14538048 	 70	 9	 38	 16	 1	 28	 
2020-05-14 10:45:40	 884 	c1254 	3060 	 123 	 01111000 	 120 	 14621664 	 70	 9	 38	 17	 1	 28	 
2020-05-14 10:46:32	1068 	c1254 	3064 	 138 	 01110100 	 116 	 15186576 	 70	 9	 39	 17	 1	 29	 
2020-05-14 10:46:43	 598 	c1254 	3065 	 146 	 01111000 	 120 	 15301272 	 70	 9	 39	 18	 1	 29	 
2020-05-14 10:47:09	 931 	c1254 	3066 	 153 	 11110100 	 244 	 15585984 	 71	 9	 39	 18	 1	 29	 
2020-05-14 10:47:15	 675 	c1254 	3067 	 161 	 01111000 	 120 	 15648576 	 71	 9	 39	 19	 1	 29	 
2020-05-14 10:49:48	1108 	c1254 	3068 	 166 	 11110100 	 244 	 532328 	 72	 9	 39	 19	 1	 29	 
2020-05-14 10:50:08	 508 	c1254 	3069 	 172 	 01111000 	 120 	 743264 	 72	 9	 39	 20	 1	 29	 
2020-05-14 10:51:58	 345 	c1254 	3070 	 178 	 01110100 	 116 	 1933088 	 72	 9	 40	 20	 1	 30	 
2020-05-14 10:52:07	 309 	c1254 	3071 	 188 	 01111000 	 120 	 2030240 	 72	 9	 40	 21	 1	 30	 
2020-05-14 10:54:01	  91 	c1254 	3072 	 192 	 01010100 	 84 	 3262832 	 73	 9	 40	 21	 1	 30	 
2020-05-14 10:54:02	 395 	c1254 	3073 	 198 	 10110100 	 180 	 3276512 	 73	 10	 40	 21	 1	 31	 
2020-05-14 10:54:09	 129 	c1254 	3074 	 204 	 01111000 	 120 	 3349832 	 73	 10	 40	 22	 1	 31	 
2020-05-14 10:58:06	 771 	c1254 	3076 	 215 	 11110100 	 244 	 5922728 	 74	 10	 40	 22	 1	 31	 
2020-05-14 10:58:16	 301 	c1254 	3077 	 227 	 01111000 	 120 	 6026672 	 74	 10	 40	 23	 1	 31	 
2020-05-14 11:01:49	1151 	c1254 	3079 	 235 	 01110100 	 116 	 8342624 	 74	 10	 41	 23	 1	 32	 
2020-05-14 11:01:58	 731 	c1254 	3080 	 240 	 11111000 	 248 	 8436200 	 75	 10	 41	 23	 1	 32	 
2020-05-14 11:03:06	 761 	c1254 	3081 	 249 	 01110100 	 116 	 9173384 	 75	 10	 42	 23	 1	 33	 
2020-05-14 11:03:15	 629 	c1254 	3082 	 255 	 01111000 	 120 	 9269696 	 75	 10	 42	 24	 1	 33	 
2020-05-14 11:03:57	 560 	c1254 	3085 	 10 	 01110100 	 116 	 9724280 	 75	 10	 43	 24	 1	 34	 
2020-05-14 11:04:02	 284 	c1254 	3086 	 19 	 11111000 	 248 	 9775904 	 76	 10	 43	 24	 1	 34	 
2020-05-14 11:04:07	1148 	c1254 	3087 	 27 	 01110100 	 116 	 9838208 	 76	 10	 44	 24	 1	 34	 
2020-05-14 11:04:11	 784 	c1254 	3088 	 33 	 10110100 	 180 	 9878168 	 76	 11	 44	 24	 1	 34	 
2020-05-14 11:04:18	   2 	c1254 	3094 	 53 	 10110100 	 180 	 9946736 	 76	 12	 44	 24	 1	 35	 
2020-05-14 11:04:19	 760 	c1254 	3095 	 59 	 10101000 	 168 	 9964688 	 77	 12	 44	 24	 1	 35	 
2020-05-14 11:04:22	 788 	c1254 	3097 	 67 	 11111000 	 248 	 9997472 	 78	 12	 44	 24	 1	 35	 
2020-05-14 11:04:30	 975 	c1254	5777 bytes to file.
Date	 Hmsec	 CounterID	 EventID	 CounterMsgID	 Status(bin)	 Status(dec)	 Timer[s/12000]	 Unclear	 Entry	 LookIn	 Exit	 LookOut	 Visits
2020-05-14 11:04:31	 647 	c1254 	3098 	 74 	 11111000 	 248 	 10058984 	 79	 12	 44	 24	 1	 35	 
2020-05-14 11:06:40	1146 	c1254 	3099 	 80 	 10110100 	 180 	 11497088 	 79	 13	 44	 24	 1	 36	 
2020-05-14 11:06:48	 232 	c1254 	3100 	 89 	 01111000 	 120 	 11575256 	 79	 13	 44	 25	 1	 36	 
2020-05-14 11:07:19	 622 	c1254 	3101 	 94 	 11110100 	 244 	 11915096 	 80	 13	 44	 25	 1	 36	 
2020-05-14 11:07:26	 195 	c1254 	3103 	 105 	 01111000 	 120 	 11987000 	 80	 13	 44	 26	 1	 36	 
2020-05-14 11:07:36	1057 	c1254 	3104 	 111 	 01110100 	 116 	 12103520 	 80	 13	 45	 26	 1	 37	 
2020-05-14 11:07:39	 920 	c1254 	3105 	 117 	 01110100 	 116 	 12134768 	 80	 13	 46	 26	 1	 37	 
2020-05-14 11:07:46	 712 	c1254 	3106 	 123 	 01110100 	 116 	 12208712 	 80	 13	 47	 26	 1	 37	 
2020-05-14 11:07:49	 382 	c1254 	3107 	 127 	 01010100 	 84 	 12238136 	 81	 13	 47	 26	 1	 37	 
2020-05-14 11:08:02	 351 	c1254 	3108 	 137 	 11110100 	 244 	 12378824 	 82	 13	 47	 26	 1	 37	 
2020-05-14 11:08:10	 654 	c1254 	3110 	 146 	 01111000 	 120 	 12468416 	 82	 13	 47	 27	 1	 37	 
2020-05-14 11:08:19	 352 	c1254 	3111 	 154 	 10110100 	 180 	 12563168 	 82	 14	 47	 27	 1	 38	 
2020-05-14 11:08:31	 705 	c1254 	3113 	 167 	 01111000 	 120 	 12696608 	 82	 14	 47	 28	 1	 38	 
2020-05-14 11:09:31	1041 	c1254 	3114 	 174 	 11110100 	 244 	 13350488 	 83	 14	 47	 28	 1	 38	 
2020-05-14 11:09:36	  15 	c1254 	3115 	 184 	 11111000 	 248 	 13395104 	 84	 14	 47	 28	 1	 38	 
2020-05-14 11:10:23	 305 	c1254 	3116 	 190 	 10110100 	 180 	 13907744 	 84	 15	 47	 28	 1	 39	 
2020-05-14 11:10:32	 689 	c1254 	3117 	 200 	 01111000 	 120 	 14009000 	 84	 15	 47	 29	 1	 39	 
2020-05-14 11:11:02	 458 	c1254 	3118 	 208 	 11110100 	 244 	 14332304 	 85	 15	 47	 29	 1	 39	 
2020-05-14 11:12:28	1108 	c1254 	3119 	 214 	 01111000 	 120 	 15271256 	 85	 15	 47	 30	 1	 39	 
2020-05-14 11:12:50	 888 	c1254 	3120 	 220 	 01110100 	 116 	 15507824 	 85	 15	 48	 30	 1	 40	 
2020-05-14 11:12:52	1000 	c1254 	3121 	 226 	 01110100 	 116 	 15530576 	 85	 15	 49	 30	 1	 40	 
2020-05-14 11:13:06	 823 	c1254 	3122 	 238 	 01111000 	 120 	 15680768 	 85	 15	 49	 31	 1	 40	 
2020-05-14 11:15:18	 602 	c1254 	3123 	 244 	 01110100 	 116 	 333736 	 85	 15	 50	 31	 1	 41	 
2020-05-14 11:15:22	 833 	c1254 	3124 	 252 	 01110100 	 116 	 379312 	 85	 15	 51	 31	 1	 41	 
2020-05-14 11:15:35	1148 	c1254 	3126 	 10 	 11111000 	 248 	 523336 	 86	 15	 51	 31	 1	 41	 
2020-05-14 11:16:57	 186 	c1254 	3127 	 18 	 10110100 	 180 	 1404040 	 86	 16	 51	 31	 1	 42	 
2020-05-14 11:17:04	 137 	c1254 	3128 	 29 	 11111000 	 248 	 1479544 	 87	 16	 51	 31	 1	 42	 
2020-05-14 11:18:46	 609 	c1254 	3129 	 35 	 10110100 	 180 	 2591008 	 87	 17	 51	 31	 1	 43	 
2020-05-14 11:18:55	  32 	c1254 	3131 	 44 	 01111000 	 120 	 2683288 	 87	 17	 51	 32	 1	 43	 
2020-05-14 11:19:27	1010 	c1254 	3132 	 49 	 11110100 	 244 	 3039856 	 88	 17	 51	 32	 1	 43	 
2020-05-14 11:19:41	 374 	c1254 	3134 	 63 	 01111000 	 120 	 3185896 	 88	 17	 51	 33	 1	 43	 
2020-05-14 11:20:22	 693 	c1254 	3135 	 71 	 01110100 	 116 	 3634024 	 88	 17	 52	 33	 1	 44	 
2020-05-14 11:20:36	 488 	c1254 	3137 	 83 	 01111000 	 120 	 3784120 	 88	 17	 52	 34	 1	 44	 
2020-05-14 11:21:02	  70 	c1254 	3139 	 90 	 01110100 	 116 	 4062496 	 88	 17	 53	 34	 1	 45	 
2020-05-14 11:21:06	1106 	c1254 	3141 	 102 	 01111000 	 120 	 4115656 	 88	 17	 53	 35	 1	 45	 
2020-05-14 11:21:29	 991 	c1254 	3143 	 110 	 01110100 	 116 	 4364344 	 88	 17	 54	 35	 1	 46	 
2020-05-14 11:21:35	 941 	c1254 	3144 	 121 	 01111000 	 120 	 4429048 	 88	 17	 54	 36	 1	 46	 
2020-05-14 11:23:43	 598 	c1254 	3145 	 130 	 11110100 	 244 	 5816272 	 89	 17	 54	 36	 1	 46	 
2020-05-14 11:23:49	 440 	c1254 	3147 	 138 	 11111000 	 248 	 5879992 	 90	 17	 54	 36	 1	 46	 
2020-05-14 11:26:57	 179 	c1254 	3149 	 150 	 10110100 	 180 	 7920832 	 90	 18	 54	 36	 1	 47	 
2020-05-14 11:27:08	1015 	c1254 	3150 	 158 	 01111000 	 120 	 8048296 	 90	 18	 54	 37	 1	 47	 
2020-05-14 11:28:52	1014 	c1254 	3151 	 164 	 01110100 	 116 	 9178792 	 90	 18	 55	 37	 1	 48	 
2020-05-14 11:28:55	 257 	c1254 	3152 	 170 	 10110100 	 180 	 9204280 	 90	 19	 55	 37	 1	 48	 
2020-05-14 11:29:13	 987 	c1254 	3153 	 176 	 10111000 	 184 	 9406816 	 90	 19	 55	 37	 2	 48	 
2020-05-14 11:31:28	 995 	c1254 	3154 	 180 	 01010100 	 84 	 10874296 	 91	 19	 55	 37	 2	 48	 
2020-05-14 11:31:32	 123 	c1254 	3155 	 186 	 01110100 	 116 	 10909576 	 91	 19	 56	 37	 2	 49	 
2020-05-14 11:31:41	 455 	c1254 	3156 	 197 	 01111000 	 120 	 11010544 	 91	 19	 56	 38	 2	 49	 
2020-05-14 11:32:20	 745 	c1254 	3157 	 210 	 01110100 	 116 	 11437240 	 91	 19	 57	 38	 2	 50	 
2020-05-14 11:32:27	 530 	c1254 	3158 	 220 	 01111000 	 120 	 11511328 	 91	 19	 57	 39	 2	 50	 
2020-05-14 11:34:44	 592 	c1254 	3159 	 224 	 01010100 	 84 	 13001296 	 92	 19	 57	 39	 2	 50	 
2020-05-14 11:34:59	 436 	c1254 	3160 	 230 	 01110100 	 116 	 13162840 	 92	 19	 58	 39	 2	 51	 
2020-05-14 11:36:02	  25 	c1254 	3161 	 235 	 10101000 	 168 	 13843432 	 93	 19	 58	 39	 2	 51	 
2020-05-14 18:50:24	 315 	c1254 	3162 	 239 	 10101000 	 168 	 14886968 	 94	 19	 58	 39	 2	 51	 
2020-05-14 18:50:31	 742 	c1254 	3163 	 243 	 10101000 	 168 	 14968904 	 95	 19	 58	 39	 2	 51	 
2020-05-14 18:53:21	 625 	c1254	5357 bytes to file.
Date	 Hmsec	 CounterID	 EventID	 CounterMsgID	 Status(bin)	 Status(dec)	 Timer[s/12000]	 Unclear	 Entry	 LookIn	 Exit	 LookOut	 Visits
2020-05-14 18:53:23	 265 	c1254	161 bytes to file.
Date	 Hmsec	 CounterID	 EventID	 CounterMsgID	 Status(bin)	 Status(dec)	 Timer[s/12000]	 Unclear	 Entry	 LookIn	 Exit	 LookOut	 Visits
2020-05-14 18:53:24	 274 	c1254	161 bytes to file.
Date	 Hmsec	 CounterID	 EventID	 CounterMsgID	 Status(bin)	 Status(dec)	 Timer[s/12000]	 Unclear	 Entry	 LookIn	 Exit	 LookOut	 Visits
2020-05-14 18:53:25	 276 	c1254	161 bytes to file.
