Date	 Hmsec	 CounterID	 EventID	 CounterMsgID	 Status(bin)	 Status(dec)	 Timer[s/12000]	 Unclear	 Entry	 LookIn	 Exit	 LookOut	 Visits
2020-05-19 01:16:35	 760 	c1254	161 bytes to file.
Date	 Hmsec	 CounterID	 EventID	 CounterMsgID	 Status(bin)	 Status(dec)	 Timer[s/12000]	 Unclear	 Entry	 LookIn	 Exit	 LookOut	 Visits
2020-05-19 09:38:54	 163 	c1254 	4122 	 135 	 10101000 	 168 	 14354672 	 312	 183	 234	 257	 33	 324	 
2020-05-19 09:38:55	 809 	c1254 	4123 	 139 	 10101000 	 168 	 14371952 	 313	 183	 234	 257	 33	 324	 
2020-05-19 09:38:57	  20 	c1254 	4125 	 149 	 01110100 	 116 	 14386616 	 313	 183	 235	 257	 33	 325	 
2020-05-19 09:39:15	 903 	c1254 	4126 	 156 	 01110100 	 116 	 14594912 	 313	 183	 236	 257	 33	 326	 
2020-05-19 09:46:35	1072 	c1254	573 bytes to file.
Date	 Hmsec	 CounterID	 EventID	 CounterMsgID	 Status(bin)	 Status(dec)	 Timer[s/12000]	 Unclear	 Entry	 LookIn	 Exit	 LookOut	 Visits
2020-05-19 09:48:31	 200 	c1254 	4127 	 165 	 01110100 	 116 	 3977032 	 313	 183	 237	 257	 33	 327	 
2020-05-19 09:49:26	 852 	c1254 	4128 	 172 	 01111000 	 120 	 4592632 	 313	 183	 237	 258	 33	 327	 
2020-05-19 09:53:08	 137 	c1254 	4129 	 180 	 01110100 	 116 	 7045360 	 313	 183	 238	 258	 33	 328	 
2020-05-19 09:53:25	 541 	c1254 	4130 	 185 	 10101000 	 168 	 7237504 	 314	 183	 238	 258	 33	 328	 
2020-05-19 09:53:28	 199 	c1254 	4131 	 193 	 01111000 	 120 	 7267480 	 314	 183	 238	 259	 33	 328	 
2020-05-19 09:56:08	 589 	c1254 	4133 	 201 	 01110100 	 116 	 9043384 	 314	 183	 239	 259	 33	 329	 
2020-05-19 09:56:09	 712 	c1254 	4134 	 207 	 01110100 	 116 	 9055624 	 314	 183	 240	 259	 33	 329	 
2020-05-19 09:56:10	1085 	c1254 	4135 	 214 	 11110100 	 244 	 9070264 	 315	 183	 240	 259	 33	 329	 
2020-05-19 09:56:39	   4 	c1254 	4137 	 225 	 01111000 	 120 	 9381136 	 315	 183	 240	 260	 33	 329	 
2020-05-19 09:59:35	 155 	c1254 	4138 	 229 	 01010100 	 84 	 11331328 	 316	 183	 240	 260	 33	 329	 
2020-05-19 09:59:36	 904 	c1254 	4139 	 237 	 01110100 	 116 	 11349544 	 316	 183	 241	 260	 33	 330	 
2020-05-19 10:00:01	1098 	c1254 	4140 	 244 	 01111000 	 120 	 11628160 	 316	 183	 241	 261	 33	 330	 
2020-05-19 10:00:16	 141 	c1254 	4141 	 248 	 01010100 	 84 	 11785048 	 317	 183	 241	 261	 33	 330	 
2020-05-19 10:00:20	 535 	c1254 	4143 	 2 	 01110100 	 116 	 11833096 	 317	 183	 242	 261	 33	 331	 
2020-05-19 10:00:47	1038 	c1254 	4144 	 9 	 01110100 	 116 	 12136816 	 317	 183	 243	 261	 33	 332	 
2020-05-19 10:00:55	 853 	c1254 	4146 	 17 	 01111000 	 120 	 12223624 	 317	 183	 243	 262	 33	 332	 
2020-05-19 10:01:03	 353 	c1254 	4147 	 21 	 01010100 	 84 	 12307408 	 318	 183	 243	 262	 33	 332	 
2020-05-19 10:01:04	 619 	c1254 	4148 	 27 	 01110100 	 116 	 12321016 	 318	 183	 244	 262	 33	 333	 
2020-05-19 10:01:05	1141 	c1254 	4149 	 31 	 01010100 	 84 	 12337072 	 319	 183	 244	 262	 33	 333	 
2020-05-19 10:01:09	 658 	c1254 	4150 	 36 	 11110100 	 244 	 12376744 	 320	 183	 244	 262	 33	 333	 
2020-05-19 10:04:15	 205 	c1254 	4151 	 53 	 01111000 	 120 	 14431384 	 320	 183	 244	 263	 33	 333	 
2020-05-19 10:17:21	 835 	c1254 	4152 	 59 	 01110100 	 116 	 6359448 	 320	 183	 245	 263	 33	 334	 
2020-05-19 10:17:23	 151 	c1254 	4153 	 65 	 01110100 	 116 	 6375048 	 320	 183	 246	 263	 33	 334	 
2020-05-19 10:17:30	 896 	c1254 	4154 	 71 	 01111000 	 120 	 6459576 	 320	 183	 246	 264	 33	 334	 
2020-05-19 10:22:32	 801 	c1254 	4155 	 79 	 01111000 	 120 	 9798312 	 320	 183	 246	 265	 33	 334	 
2020-05-19 10:22:47	 939 	c1254 	4157 	 88 	 11110100 	 244 	 9965424 	 321	 183	 246	 265	 33	 334	 
2020-05-19 10:25:56	 267 	c1254 	4158 	 92 	 01010100 	 84 	 12047448 	 322	 183	 246	 265	 33	 334	 
2020-05-19 10:25:58	 139 	c1254 	4160 	 100 	 01110100 	 116 	 12068328 	 322	 183	 247	 265	 33	 335	 
2020-05-19 10:26:11	 358 	c1254 	4162 	 111 	 01111000 	 120 	 12214032 	 322	 183	 247	 266	 33	 335	 
2020-05-19 10:35:27	 825 	c1254 	4163 	 119 	 01110100 	 116 	 1582976 	 322	 183	 248	 266	 33	 336	 
2020-05-19 10:35:40	  90 	c1254 	4164 	 132 	 10111000 	 184 	 1719608 	 322	 183	 248	 266	 34	 336	 
2020-05-19 10:39:31	 622 	c1254 	4165 	 138 	 01110100 	 116 	 4277960 	 322	 183	 249	 266	 34	 337	 
2020-05-19 10:39:33	 776 	c1254 	4166 	 144 	 10110100 	 180 	 4301552 	 322	 184	 249	 266	 34	 337	 
2020-05-19 10:42:09	  38 	c1254 	4167 	 148 	 10101000 	 168 	 6019592 	 323	 184	 249	 266	 34	 337	 
2020-05-19 10:42:24	 808 	c1254 	4168 	 154 	 10111000 	 184 	 6192824 	 323	 184	 249	 266	 35	 337	 
2020-05-19 10:43:53	  50 	c1254 	4169 	 158 	 01010100 	 84 	 7170344 	 324	 184	 249	 266	 35	 337	 
2020-05-19 10:43:56	 589 	c1254 	4170 	 164 	 01110100 	 116 	 7208720 	 324	 184	 250	 266	 35	 338	 
2020-05-19 10:44:06	1149 	c1254 	4173 	 176 	 01110100 	 116 	 7324784 	 324	 184	 251	 266	 35	 338	 
2020-05-19 10:44:08	1089 	c1254 	4174 	 182 	 01110100 	 116 	 7346360 	 324	 184	 252	 266	 35	 338	 
2020-05-19 10:44:10	 874 	c1254 	4175 	 188 	 01110100 	 116 	 7366448 	 324	 184	 253	 266	 35	 338	 
2020-05-19 10:48:40	 507 	c1254 	4176 	 195 	 01110100 	 116 	 10355888 	 324	 184	 254	 266	 35	 339	 
2020-05-19 10:48:41	1029 	c1254 	4177 	 201 	 01110100 	 116 	 10371992 	 324	 184	 255	 266	 35	 339	 
2020-05-19 10:48:44	  74 	c1254 	4178 	 209 	 01110100 	 116 	 10396160 	 324	 184	 256	 266	 35	 339	 
2020-05-19 10:48:47	1081 	c1254 	4179 	 215 	 01110100 	 116 	 10439096 	 324	 184	 257	 266	 35	 339	 
2020-05-19 10:48:49	 852 	c1254 	4180 	 221 	 01110100 	 116 	 10459112 	 324	 184	 258	 266	 35	 339	 
2020-05-19 10:48:52	 820 	c1254 	4181 	 227 	 01110100 	 116 	 10492112 	 324	 184	 259	 266	 35	 339	 
2020-05-19 10:53:18	 352 	c1254 	4182 	 234 	 01010100 	 84 	 13441352 	 325	 184	 259	 266	 35	 339	 
2020-05-19 10:53:19	 708 	c1254 	4184 	 242 	 01110100 	 116 	 13455872 	 325	 184	 260	 266	 35	 340	 
2020-05-19 10:53:21	 340 	c1254 	4185 	 248 	 01110100 	 116 	 13474568 	 325	 184	 261	 266	 35	 340	 
2020-05-19 10:53:23	 924 	c1254 	4186 	 0 	 10110100 	 180 	 13502408 	 325	 185	 261	 266	 35	 340	 
2020-05-19 10:53:35	 838 	c1254 	4187 	 7 	 11111000 	 248 	 13634936 	 326	 185	 261	 266	 35	 340	 
2020-05-19 10:56:28	 477 	c1254 	4190 	 17 	 10110100 	 180 	 15554336 	 326	 186	 261	 266	 35	 341	 
2020-05-19 10:56:41	1060 	c1254 	4191 	 25 	 11111000 	 248 	 15704456 	 327	 186	 261	 266	 35	 341	 
2020-05-19 10:59:38	 105 	c1254 	4192 	 31 	 01110100 	 116 	 887080 	 327	 186	 262	 266	 35	 342	 
2020-05-19 10:59:40	 608 	c1254 	4194 	 45 	 10110100 	 180 	 914176 	 327	 187	 262	 266	 35	 342	 
2020-05-19 10:59:52	 819 	c1254 	4195 	 57 	 11111000 	 248 	 1049728 	 328	 187	 262	 266	 35	 342	 
2020-05-19 11:03:29	 990 	c1254 	4196 	 63 	 01110100 	 116 	 3467032 	 328	 187	 263	 266	 35	 343	 
2020-05-19 11:03:41	 140 	c1254 	4197 	 70 	 01111000 	 120 	 3592600 	 328	 187	 263	 267	 35	 343	 
2020-05-19 11:14:00	1042 	c1254 	4198 	 78 	 01110100 	 116 	 10502800 	 328	 187	 264	 267	 35	 344	 
2020-05-19 11:14:02	 587 	c1254 	4199 	 84 	 01110100 	 116 	 10520752 	 328	 187	 265	 267	 35	 344	 
2020-05-19 11:14:05	  59 	c1254 	4200 	 91 	 11110100 	 244 	 10549168 	 329	 187	 265	 267	 35	 344	 
2020-05-19 11:14:11	 553 	c1254 	4202 	 105 	 10111000 	 184 	 10620880 	 329	 187	 265	 267	 36	 344	 
2020-05-19 11:15:40	1157 	c1254 	4203 	 114 	 10110100 	 180 	 11619592 	 329	 188	 265	 267	 36	 345	 
2020-05-19 11:15:48	 288 	c1254 	4204 	 124 	 01111000 	 120 	 11700520 	 329	 188	 265	 268	 36	 345	 
2020-05-19 11:18:35	 209 	c1254 	4206 	 136 	 10110100 	 180 	 13563256 	 329	 189	 265	 268	 36	 346	 
2020-05-19 11:18:45	 730 	c1254 	4207 	 146 	 01111000 	 120 	 13679896 	 329	 189	 265	 269	 36	 346	 
2020-05-19 11:21:24	 540 	c1254 	4208 	 154 	 01110100 	 116 	 15453040 	 329	 189	 266	 269	 36	 347	 
2020-05-19 11:21:34	  48 	c1254 	4211 	 163 	 01111000 	 120 	 15559960 	 329	 189	 266	 270	 36	 347	 
2020-05-19 11:22:55	 312 	c1254 	4212 	 180 	 10111100 	 188 	 16466704 	 330	 189	 266	 270	 36	 347	 
2020-05-19 11:23:04	 235 	c1254	7199 bytes to file.
Date	 Hmsec	 CounterID	 EventID	 CounterMsgID	 Status(bin)	 Status(dec)	 Timer[s/12000]	 Unclear	 Entry	 LookIn	 Exit	 LookOut	 Visits
2020-05-19 11:23:09	 805 	c1254 	4213 	 193 	 01111000 	 120 	 16627792 	 330	 189	 266	 271	 36	 347	 
2020-05-19 11:23:17	 612 	c1254 	4215 	 201 	 01110100 	 116 	 16715272 	 330	 189	 267	 271	 36	 348	 
2020-05-19 11:23:29	1149 	c1254 	4217 	 212 	 01111000 	 120 	 77208 	 330	 189	 267	 272	 36	 348	 
2020-05-19 11:24:45	  86 	c1254 	4218 	 220 	 10110100 	 180 	 915768 	 330	 190	 267	 272	 36	 349	 
2020-05-19 11:24:53	1159 	c1254 	4219 	 230 	 01111000 	 120 	 1015440 	 330	 190	 267	 273	 36	 349	 
2020-05-19 11:25:16	 686 	c1254 	4220 	 238 	 10110100 	 180 	 1267752 	 330	 191	 267	 273	 36	 350	 
2020-05-19 11:25:18	 988 	c1254 	4221 	 244 	 01111000 	 120 	 1293000 	 330	 191	 267	 274	 36	 350	 
2020-05-19 11:25:22	1040 	c1254 	4222 	 250 	 01110100 	 116 	 1338168 	 330	 191	 268	 274	 36	 351	 
2020-05-19 11:25:32	 789 	c1254 	4223 	 0 	 01111000 	 120 	 1447440 	 330	 191	 268	 275	 36	 351	 
2020-05-19 11:26:58	 375 	c1254 	4224 	 6 	 01110100 	 116 	 2404032 	 330	 191	 269	 275	 36	 352	 
2020-05-19 11:26:59	 745 	c1254 	4225 	 17 	 10110100 	 180 	 2418768 	 330	 192	 269	 275	 36	 352	 
2020-05-19 11:27:06	 539 	c1254 	4226 	 25 	 01111000 	 120 	 2495040 	 330	 192	 269	 276	 36	 352	 
2020-05-19 11:28:24	 190 	c1254 	4228 	 35 	 01110100 	 116 	 3363168 	 330	 192	 270	 276	 36	 353	 
2020-05-19 11:28:37	1049 	c1254 	4229 	 42 	 01111000 	 120 	 3516696 	 330	 192	 270	 277	 36	 353	 
2020-05-19 11:38:57	 913 	c1254 	4230 	 50 	 10110100 	 180 	 10449528 	 330	 193	 270	 277	 36	 354	 
2020-05-19 11:39:05	 674 	c1254 	4234 	 68 	 01111000 	 120 	 10536792 	 330	 193	 270	 278	 36	 354	 
2020-05-19 11:45:25	  14 	c1254 	4237 	 76 	 10101000 	 168 	 14785056 	 331	 193	 270	 278	 36	 354	 
2020-05-19 11:45:42	 110 	c1254 	4238 	 80 	 10101000 	 168 	 14976408 	 332	 193	 270	 278	 36	 354	 
2020-05-19 11:45:43	 703 	c1254 	4239 	 86 	 10111000 	 184 	 14993328 	 332	 193	 270	 278	 37	 354	 
2020-05-19 12:13:49	1103 	c1254 	4240 	 90 	 10101000 	 168 	 301048 	 333	 193	 270	 278	 37	 354	 
2020-05-19 12:17:04	 406 	c1254 	4241 	 94 	 10101000 	 168 	 2476408 	 334	 193	 270	 278	 37	 354	 
2020-05-19 12:17:18	 738 	c1254 	4243 	 100 	 10101000 	 168 	 2636320 	 335	 193	 270	 278	 37	 354	 
2020-05-19 12:59:46	1042 	c1254 	4244 	 104 	 10101000 	 168 	 14426136 	 336	 193	 270	 278	 37	 354	 
2020-05-19 17:12:49	  14 	c1254 	4246 	 110 	 10101000 	 168 	 483160 	 337	 193	 270	 278	 37	 354	 
2020-05-19 17:12:50	 777 	c1254 	4247 	 114 	 10101000 	 168 	 501832 	 338	 193	 270	 278	 37	 354	 
2020-05-19 17:14:03	 282 	c1254 	4248 	 118 	 10101000 	 168 	 1321360 	 339	 193	 270	 278	 37	 354	 
2020-05-19 17:18:13	 371 	c1254	2800 bytes to file.
