Date 	Hmsec 	CounterID 	EventID 	Batt 	Light 	T1 	T2 	TC 	Batt(mV) 	Wgt(g/10) 	CoreTemp(C) 	Version 	1903281141 
2019-05-10 13:32:00	  63 	c1254 	1704 	 3302	  245	    0	    0	 1496	6449	000	017
2019-05-10 13:42:00	  63 	c1254 	1704 	 3302	  144	    0	    0	 1497	6449	000	017
2019-05-10 13:52:00	  63 	c1254 	1704 	 3303	   93	    0	    0	 1500	6451	000	018
2019-05-10 14:02:00	  63 	c1254 	1704 	 3303	   89	    0	    0	 1500	6451	000	018
2019-05-10 14:12:00	  63 	c1254 	1704 	 3303	  159	    0	    0	 1501	6451	000	018
2019-05-10 14:22:00	  63 	c1254 	1704 	 3304	  105	    0	    0	 1503	6453	000	019
2019-05-10 14:32:00	  63 	c1254 	1704 	 3304	   30	    0	    0	 1504	6453	000	019
2019-05-10 14:42:00	  63 	c1254 	1704 	 3305	   30	    0	    0	 1503	6455	000	019
2019-05-10 14:52:00	  63 	c1254 	1704 	 3305	   30	    0	    0	 1504	6455	000	019
2019-05-10 15:02:00	  63 	c1254 	1704 	 3305	   30	    0	    0	 1504	6455	000	019
2019-05-10 15:12:00	  63 	c1254 	1704 	 3306	   30	    0	    0	 1504	6457	000	019
2019-05-10 15:22:00	  63 	c1254 	1704 	 3306	   30	    0	    0	 1506	6457	000	019
2019-05-10 15:32:00	  63 	c1254 	1704 	 3306	   31	    0	    0	 1506	6457	000	019
2019-05-10 15:42:00	  63 	c1254 	1704 	 3306	   31	    0	    0	 1507	6457	000	019
2019-05-10 15:52:00	  63 	c1254 	1704 	 3306	   29	    0	    0	 1507	6457	000	019
2019-05-10 16:02:00	  63 	c1254 	1704 	 3307	   29	    0	    0	 1509	6458	000	020
2019-05-10 16:12:00	  63 	c1254 	1704 	 3307	    8	    0	    0	 1507	6458	000	019
2019-05-10 16:22:00	  63 	c1254 	1704 	 3307	   19	    0	    0	 1508	6458	000	020
2019-05-10 16:32:00	  63 	c1254 	1704 	 3307	   18	    0	    0	 1509	6458	000	020
2019-05-10 16:42:00	  63 	c1254 	1704 	 3308	   17	    0	    0	 1509	6460	000	020
2019-05-10 16:52:00	  63 	c1254 	1704 	 3308	   22	    0	    0	 1510	6460	000	020
2019-05-10 17:02:00	  63 	c1254 	1704 	 3308	    8	    0	    0	 1510	6460	000	020
2019-05-10 17:12:00	  63 	c1254 	1704 	 3309	    7	    0	    0	 1512	6462	000	020
2019-05-10 17:22:00	  63 	c1254 	1704 	 3308	    7	    0	    0	 1512	6460	000	020
2019-05-10 17:32:00	  63 	c1254 	1704 	 3309	    8	    0	    0	 1511	6462	000	020
2019-05-10 17:42:00	  63 	c1254 	1704 	 3309	   11	    0	    0	 1512	6462	000	020
2019-05-10 17:52:00	  63 	c1254 	1704 	 3309	   13	    0	    0	 1511	6462	000	020
2019-05-10 18:02:00	  63 	c1254 	1704 	 3309	   11	    0	    0	 1512	6462	000	020
2019-05-10 18:12:00	  63 	c1254 	1704 	 3309	    9	    0	    0	 1513	6462	000	021
2019-05-10 18:22:00	  63 	c1254 	1704 	 3310	    8	    0	    0	 1512	6464	000	020
2019-05-10 18:32:00	  63 	c1254 	1704 	 3310	    8	    0	    0	 1513	6464	000	021
2019-05-10 18:42:00	  63 	c1254 	1704 	 3310	    7	    0	    0	 1513	6464	000	021
2019-05-10 18:52:00	  63 	c1254 	1704 	 3310	    6	    0	    0	 1514	6464	000	021
2019-05-10 19:02:00	  63 	c1254 	1704 	 3310	    5	    0	    0	 1512	6464	000	020
2019-05-10 19:12:00	  63 	c1254 	1704 	 3310	    5	    0	    0	 1513	6464	000	021
2019-05-10 19:22:00	  63 	c1254 	1704 	 3311	    5	    0	    0	 1514	6466	000	021
2019-05-10 19:32:00	  63 	c1254 	1704 	 3310	    4	    0	    0	 1513	6464	000	021
2019-05-10 19:42:00	  63 	c1254 	1704 	 3311	    4	    0	    0	 1514	6466	000	021
2019-05-10 19:52:00	  63 	c1254 	1704 	 3311	    4	    0	    0	 1512	6466	000	020
2019-05-10 20:02:00	  63 	c1254 	1704 	 3311	    4	    0	    0	 1512	6466	000	020
2019-05-10 20:12:00	  63 	c1254 	1704 	 3311	    4	    0	    0	 1512	6466	000	020
2019-05-10 20:22:00	  63 	c1254 	1704 	 3311	    4	    0	    0	 1510	6466	000	020
2019-05-10 20:32:00	  63 	c1254 	1704 	 3311	    4	    0	    0	 1511	6466	000	020
2019-05-10 20:42:00	  63 	c1254 	1704 	 3310	    4	    0	    0	 1509	6464	000	020
2019-05-10 20:52:00	  63 	c1254 	1704 	 3310	    4	    0	    0	 1509	6464	000	020
2019-05-10 21:02:00	  63 	c1254 	1704 	 3310	    4	    0	    0	 1508	6464	000	020
2019-05-10 21:12:00	  63 	c1254 	1704 	 3311	    4	    0	    0	 1507	6466	000	019
2019-05-10 21:22:00	  63 	c1254 	1704 	 3310	    3	    0	    0	 1507	6464	000	019
2019-05-10 21:32:00	  63 	c1254 	1704 	 3310	    3	    0	    0	 1505	6464	000	019
2019-05-10 21:42:00	  63 	c1254 	1704 	 3310	    3	    0	    0	 1505	6464	000	019
2019-05-10 21:52:00	  63 	c1254 	1704 	 3310	    3	    0	    0	 1504	6464	000	019
2019-05-10 21:52:01	 644 	c1254						 3607 bytes to file.
Date 	Hmsec 	CounterID 	EventID 	Batt 	Light 	T1 	T2 	TC 	Batt(mV) 	Wgt(g/10) 	CoreTemp(C) 	Version 	1903281141 
2019-05-10 22:02:00	  63 	c1254 	1704 	 3310	    3	    0	    0	 1504	6464	000	019
2019-05-10 22:12:00	  63 	c1254 	1704 	 3310	    3	    0	    0	 1501	6464	000	018
2019-05-10 22:22:00	  63 	c1254 	1704 	 3310	    3	    0	    0	 1501	6464	000	018
2019-05-10 22:32:00	  63 	c1254 	1704 	 3310	    3	    0	    0	 1501	6464	000	018
2019-05-10 22:42:00	  63 	c1254 	1704 	 3310	    3	    0	    0	 1498	6464	000	018
2019-05-10 22:52:00	  63 	c1254 	1704 	 3309	    3	    0	    0	 1498	6462	000	018
2019-05-10 23:02:00	  63 	c1254 	1704 	 3309	    3	    0	    0	 1497	6462	000	017
2019-05-10 23:12:00	  63 	c1254 	1704 	 3309	    3	    0	    0	 1496	6462	000	017
2019-05-10 23:22:00	  63 	c1254 	1704 	 3309	    3	    0	    0	 1495	6462	000	017
2019-05-10 23:32:00	  63 	c1254 	1704 	 3308	    3	    0	    0	 1495	6460	000	017
2019-05-10 23:42:00	  63 	c1254 	1704 	 3308	    3	    0	    0	 1493	6460	000	017
2019-05-10 23:52:00	  63 	c1254 	1704 	 3308	    3	    0	    0	 1492	6460	000	016
2019-05-11 00:02:00	  63 	c1254 	1704 	 3308	    3	    0	    0	 1493	6460	000	017
2019-05-11 00:12:00	  63 	c1254 	1704 	 3307	    3	    0	    0	 1491	6458	000	016
2019-05-11 00:22:00	  63 	c1254 	1704 	 3307	    3	    0	    0	 1491	6458	000	016
2019-05-11 00:32:00	  63 	c1254 	1704 	 3307	    3	    0	    0	 1489	6458	000	016
2019-05-11 00:42:00	  63 	c1254 	1704 	 3307	    2	    0	    0	 1488	6458	000	016
2019-05-11 00:52:00	  63 	c1254 	1704 	 3307	    3	    0	    0	 1487	6458	000	015
2019-05-11 01:02:00	  63 	c1254 	1704 	 3306	    2	    0	    0	 1487	6457	000	015
2019-05-11 01:12:00	  63 	c1254 	1704 	 3306	    3	    0	    0	 1487	6457	000	015
2019-05-11 01:22:00	  63 	c1254 	1704 	 3306	    2	    0	    0	 1486	6457	000	015
2019-05-11 01:32:00	  63 	c1254 	1704 	 3306	    3	    0	    0	 1484	6457	000	015
2019-05-11 01:42:00	  63 	c1254 	1704 	 3306	    3	    0	    0	 1483	6457	000	015
2019-05-11 01:52:00	  63 	c1254 	1704 	 3306	    2	    0	    0	 1483	6457	000	015
2019-05-11 02:02:00	  63 	c1254 	1704 	 3305	    2	    0	    0	 1482	6455	000	014
2019-05-11 02:12:00	  63 	c1254 	1704 	 3305	    3	    0	    0	 1482	6455	000	014
2019-05-11 02:22:00	  63 	c1254 	1704 	 3305	    2	    0	    0	 1481	6455	000	014
2019-05-11 02:32:00	  63 	c1254 	1704 	 3305	    2	    0	    0	 1480	6455	000	014
2019-05-11 02:42:00	  63 	c1254 	1704 	 3304	    2	    0	    0	 1480	6453	000	014
2019-05-11 02:52:00	  63 	c1254 	1704 	 3304	    2	    0	    0	 1479	6453	000	014
2019-05-11 03:02:00	  63 	c1254 	1704 	 3304	    2	    0	    0	 1478	6453	000	014
2019-05-11 03:12:00	  63 	c1254 	1704 	 3303	    2	    0	    0	 1478	6451	000	014
2019-05-11 03:22:00	  63 	c1254 	1704 	 3303	    2	    0	    0	 1478	6451	000	014
2019-05-11 03:32:00	  63 	c1254 	1704 	 3303	    2	    0	    0	 1477	6451	000	013
2019-05-11 03:42:00	  63 	c1254 	1704 	 3302	    2	    0	    0	 1476	6449	000	013
2019-05-11 03:52:00	  63 	c1254 	1704 	 3302	    2	    0	    0	 1475	6449	000	013
2019-05-11 04:02:00	  63 	c1254 	1704 	 3302	    2	    0	    0	 1474	6449	000	013
2019-05-11 04:12:00	  63 	c1254 	1704 	 3302	    2	    0	    0	 1474	6449	000	013
2019-05-11 04:22:00	  63 	c1254 	1704 	 3302	    2	    0	    0	 1474	6449	000	013
2019-05-11 04:32:00	  63 	c1254 	1704 	 3301	    2	    0	    0	 1473	6447	000	013
2019-05-11 04:42:00	  63 	c1254 	1704 	 3301	    2	    0	    0	 1472	6447	000	012
2019-05-11 04:52:00	  63 	c1254 	1704 	 3301	    2	    0	    0	 1472	6447	000	012
2019-05-11 05:02:00	  63 	c1254 	1704 	 3301	    2	    0	    0	 1471	6447	000	012
2019-05-11 05:12:00	  63 	c1254 	1704 	 3300	    2	    0	    0	 1471	6445	000	012
2019-05-11 05:22:00	  63 	c1254 	1704 	 3300	    2	    0	    0	 1471	6445	000	012
2019-05-11 05:32:00	  63 	c1254 	1704 	 3300	    2	    0	    0	 1470	6445	000	012
2019-05-11 05:42:00	  63 	c1254 	1704 	 3300	    2	    0	    0	 1469	6445	000	012
2019-05-11 05:52:00	  63 	c1254 	1704 	 3300	    2	    0	    0	 1470	6445	000	012
2019-05-11 06:02:00	  63 	c1254 	1704 	 3299	    3	    0	    0	 1470	6443	000	012
2019-05-11 06:12:00	  63 	c1254 	1704 	 3299	    2	    0	    0	 1467	6443	000	012
2019-05-11 06:22:00	  63 	c1254 	1704 	 3298	    3	    0	    0	 1467	6441	000	012
2019-05-11 06:22:01	 737 	c1254						 3607 bytes to file.
Date 	Hmsec 	CounterID 	EventID 	Batt 	Light 	T1 	T2 	TC 	Batt(mV) 	Wgt(g/10) 	CoreTemp(C) 	Version 	1903281141 
2019-05-11 06:32:00	  63 	c1254 	1704 	 3299	    3	    0	    0	 1467	6443	000	012
2019-05-11 06:42:00	  63 	c1254 	1704 	 3298	    3	    0	    0	 1466	6441	000	011
2019-05-11 06:52:00	  63 	c1254 	1704 	 3298	    2	    0	    0	 1466	6441	000	011
2019-05-11 07:02:00	  63 	c1254 	1704 	 3298	    3	    0	    0	 1465	6441	000	011
2019-05-11 07:12:00	  63 	c1254 	1704 	 3298	    2	    0	    0	 1467	6441	000	012
2019-05-11 07:22:00	  63 	c1254 	1704 	 3298	    3	    0	    0	 1466	6441	000	011
2019-05-11 07:32:00	  63 	c1254 	1704 	 3297	    2	    0	    0	 1465	6439	000	011
2019-05-11 07:42:00	  63 	c1254 	1704 	 3297	    3	    0	    0	 1466	6439	000	011
2019-05-11 07:52:00	  63 	c1254 	1704 	 3297	    4	    0	    0	 1464	6439	000	011
2019-05-11 08:02:00	  63 	c1254 	1704 	 3297	    4	    0	    0	 1464	6439	000	011
2019-05-11 08:12:00	  63 	c1254 	1704 	 3297	    4	    0	    0	 1464	6439	000	011
2019-05-11 08:22:00	  63 	c1254 	1704 	 3296	    4	    0	    0	 1463	6437	000	011
2019-05-11 08:32:00	  63 	c1254 	1704 	 3296	    4	    0	    0	 1465	6437	000	011
2019-05-11 08:42:00	  63 	c1254 	1704 	 3296	    6	    0	    0	 1463	6437	000	011
2019-05-11 08:52:00	  63 	c1254 	1704 	 3296	   12	    0	    0	 1463	6437	000	011
2019-05-11 09:02:00	  63 	c1254 	1704 	 3296	    6	    0	    0	 1462	6437	000	011
2019-05-11 09:12:00	  63 	c1254 	1704 	 3296	    5	    0	    0	 1463	6437	000	011
2019-05-11 09:22:00	  63 	c1254 	1704 	 3295	    6	    0	    0	 1463	6435	000	011
2019-05-11 09:32:00	  63 	c1254 	1704 	 3295	    7	    0	    0	 1462	6435	000	011
2019-05-11 09:42:00	  63 	c1254 	1704 	 3295	    7	    0	    0	 1464	6435	000	011
2019-05-11 09:52:00	  63 	c1254 	1704 	 3295	    6	    0	    0	 1464	6435	000	011
2019-05-11 10:02:00	  63 	c1254 	1704 	 3295	  389	    0	    0	 1465	6435	000	011
2019-05-11 10:12:00	  63 	c1254 	1704 	 3295	   24	    0	    0	 1468	6435	000	012
2019-05-11 10:22:00	  63 	c1254 	1704 	 3295	   25	    0	    0	 1469	6435	000	012
2019-05-11 10:32:00	  63 	c1254 	1704 	 3294	   25	    0	    0	 1468	6433	000	012
2019-05-11 10:42:00	  63 	c1254 	1704 	 3295	   25	    0	    0	 1470	6435	000	012
2019-05-11 10:52:00	  63 	c1254 	1704 	 3295	   25	    0	    0	 1471	6435	000	012
2019-05-11 11:02:00	  63 	c1254 	1704 	 3295	   26	    0	    0	 1473	6435	000	013
2019-05-11 11:12:00	  63 	c1254 	1704 	 3295	   26	    0	    0	 1474	6435	000	013
2019-05-11 11:22:00	  63 	c1254 	1704 	 3295	   25	    0	    0	 1476	6435	000	013
2019-05-11 11:32:00	  63 	c1254 	1704 	 3296	   26	    0	    0	 1477	6437	000	013
2019-05-11 11:42:00	  63 	c1254 	1704 	 3295	   26	    0	    0	 1480	6435	000	014
2019-05-11 11:52:00	  63 	c1254 	1704 	 3295	   26	    0	    0	 1481	6435	000	014
2019-05-11 12:02:00	  63 	c1254 	1704 	 3296	   27	    0	    0	 1482	6437	000	014
2019-05-11 12:12:00	  63 	c1254 	1704 	 3296	   27	    0	    0	 1483	6437	000	015
2019-05-11 12:22:00	  63 	c1254 	1704 	 3296	   26	    0	    0	 1485	6437	000	015
2019-05-11 12:32:00	  63 	c1254 	1704 	 3296	   26	    0	    0	 1488	6437	000	016
2019-05-11 12:42:00	  63 	c1254 	1704 	 3297	   26	    0	    0	 1487	6439	000	015
2019-05-11 12:52:00	  63 	c1254 	1704 	 3297	   27	    0	    0	 1490	6439	000	016
2019-05-11 13:02:00	  63 	c1254 	1704 	 3297	   28	    0	    0	 1491	6439	000	016
2019-05-11 13:12:00	  63 	c1254 	1704 	 3297	   27	    0	    0	 1493	6439	000	017
2019-05-11 13:22:00	  63 	c1254 	1704 	 3298	   28	    0	    0	 1494	6441	000	017
2019-05-11 13:32:00	  63 	c1254 	1704 	 3298	   27	    0	    0	 1496	6441	000	017
2019-05-11 13:42:00	  63 	c1254 	1704 	 3298	   28	    0	    0	 1497	6441	000	017
2019-05-11 13:52:00	  63 	c1254 	1704 	 3298	   28	    0	    0	 1499	6441	000	018
2019-05-11 14:02:00	  63 	c1254 	1704 	 3299	   29	    0	    0	 1500	6443	000	018
2019-05-11 14:12:00	  63 	c1254 	1704 	 3299	   28	    0	    0	 1501	6443	000	018
2019-05-11 14:22:00	  63 	c1254 	1704 	 3300	   28	    0	    0	 1502	6445	000	018
2019-05-11 14:32:00	  63 	c1254 	1704 	 3300	   28	    0	    0	 1504	6445	000	019
2019-05-11 14:42:00	  63 	c1254 	1704 	 3300	   27	    0	    0	 1504	6445	000	019
2019-05-11 14:52:00	  63 	c1254 	1704 	 3301	   32	    0	    0	 1504	6447	000	019
2019-05-11 14:52:01	 741 	c1254						 3607 bytes to file.
Date 	Hmsec 	CounterID 	EventID 	Batt 	Light 	T1 	T2 	TC 	Batt(mV) 	Wgt(g/10) 	CoreTemp(C) 	Version 	1903281141 
2019-05-11 15:02:00	  63 	c1254 	1704 	 3301	   50	    0	    0	 1505	6447	000	019
2019-05-11 15:12:00	  63 	c1254 	1704 	 3301	   47	    0	    0	 1505	6447	000	019
2019-05-11 15:22:00	  63 	c1254 	1704 	 3301	   32	    0	    0	 1505	6447	000	019
2019-05-11 15:32:00	  63 	c1254 	1704 	 3301	   43	    0	    0	 1504	6447	000	019
2019-05-11 15:42:00	  63 	c1254 	1704 	 3302	   35	    0	    0	 1506	6449	000	019
2019-05-11 15:52:00	  63 	c1254 	1704 	 3301	   37	    0	    0	 1505	6447	000	019
2019-05-11 16:02:00	  63 	c1254 	1704 	 3302	   33	    0	    0	 1505	6449	000	019
2019-05-11 16:12:00	  63 	c1254 	1704 	 3302	   34	    0	    0	 1504	6449	000	019
2019-05-11 16:22:00	  63 	c1254 	1704 	 3302	   35	    0	    0	 1504	6449	000	019
2019-05-11 16:32:00	  63 	c1254 	1704 	 3302	   37	    0	    0	 1505	6449	000	019
2019-05-11 16:42:00	  63 	c1254 	1704 	 3302	   28	    0	    0	 1505	6449	000	019
2019-05-11 16:52:00	  63 	c1254 	1704 	 3302	   28	    0	    0	 1505	6449	000	019
2019-05-11 17:02:00	  63 	c1254 	1704 	 3302	   32	    0	    0	 1503	6449	000	019
2019-05-11 17:12:00	  63 	c1254 	1704 	 3302	   32	    0	    0	 1503	6449	000	019
2019-05-11 17:22:00	  63 	c1254 	1704 	 3303	   32	    0	    0	 1504	6451	000	019
2019-05-11 17:32:00	  63 	c1254 	1704 	 3303	   32	    0	    0	 1504	6451	000	019
2019-05-11 17:42:00	  63 	c1254 	1704 	 3303	   33	    0	    0	 1502	6451	000	018
2019-05-11 17:52:00	  63 	c1254 	1704 	 3302	   33	    0	    0	 1504	6449	000	019
2019-05-11 18:02:00	  63 	c1254 	1704 	 3303	   34	    0	    0	 1503	6451	000	019
2019-05-11 18:12:00	  63 	c1254 	1704 	 3303	   32	    0	    0	 1503	6451	000	019
2019-05-11 18:22:00	  63 	c1254 	1704 	 3303	   31	    0	    0	 1503	6451	000	019
2019-05-11 18:32:00	  63 	c1254 	1704 	 3303	   30	    0	    0	 1505	6451	000	019
2019-05-11 18:42:00	  63 	c1254 	1704 	 3303	   31	    0	    0	 1504	6451	000	019
2019-05-11 18:52:00	  63 	c1254 	1704 	 3303	   31	    0	    0	 1504	6451	000	019
2019-05-11 19:02:00	  63 	c1254 	1704 	 3303	   30	    0	    0	 1503	6451	000	019
2019-05-11 19:12:00	  63 	c1254 	1704 	 3303	   30	    0	    0	 1505	6451	000	019
2019-05-11 19:22:00	  63 	c1254 	1704 	 3303	   30	    0	    0	 1504	6451	000	019
2019-05-11 19:32:00	  63 	c1254 	1704 	 3304	   29	    0	    0	 1505	6453	000	019
2019-05-11 19:42:00	  63 	c1254 	1704 	 3303	   29	    0	    0	 1505	6451	000	019
2019-05-11 19:52:00	  63 	c1254 	1704 	 3303	   28	    0	    0	 1505	6451	000	019
2019-05-11 20:02:00	  63 	c1254 	1704 	 3303	   28	    0	    0	 1504	6451	000	019
2019-05-11 20:12:00	  63 	c1254 	1704 	 3303	   27	    0	    0	 1503	6451	000	019
2019-05-11 20:22:00	  63 	c1254 	1704 	 3304	   27	    0	    0	 1503	6453	000	019
2019-05-11 20:32:00	  63 	c1254 	1704 	 3304	   27	    0	    0	 1503	6453	000	019
2019-05-11 20:42:00	  63 	c1254 	1704 	 3304	   27	    0	    0	 1503	6453	000	019
2019-05-11 20:52:00	  63 	c1254 	1704 	 3303	   27	    0	    0	 1502	6451	000	018
2019-05-11 21:02:00	  63 	c1254 	1704 	 3303	   26	    0	    0	 1501	6451	000	018
2019-05-11 21:12:00	  63 	c1254 	1704 	 3303	   26	    0	    0	 1501	6451	000	018
2019-05-11 21:22:00	  63 	c1254 	1704 	 3303	   26	    0	    0	 1501	6451	000	018
2019-05-11 21:32:00	  63 	c1254 	1704 	 3302	   26	    0	    0	 1500	6449	000	018
2019-05-11 21:42:00	  63 	c1254 	1704 	 3302	   25	    0	    0	 1499	6449	000	018
2019-05-11 21:52:00	  63 	c1254 	1704 	 3302	   25	    0	    0	 1498	6449	000	018
2019-05-11 22:02:00	  63 	c1254 	1704 	 3303	   25	    0	    0	 1498	6451	000	018
2019-05-11 22:12:00	  63 	c1254 	1704 	 3302	   25	    0	    0	 1497	6449	000	017
2019-05-11 22:22:00	  63 	c1254 	1704 	 3302	   25	    0	    0	 1496	6449	000	017
2019-05-11 22:32:00	  63 	c1254 	1704 	 3302	   25	    0	    0	 1494	6449	000	017
2019-05-11 22:42:00	  63 	c1254 	1704 	 3301	   25	    0	    0	 1495	6447	000	017
2019-05-11 22:52:00	  63 	c1254 	1704 	 3301	   25	    0	    0	 1494	6447	000	017
2019-05-11 23:02:00	  63 	c1254 	1704 	 3301	   25	    0	    0	 1492	6447	000	016
2019-05-11 23:12:00	  63 	c1254 	1704 	 3301	   25	    0	    0	 1493	6447	000	017
2019-05-11 23:22:00	  63 	c1254 	1704 	 3301	   25	    0	    0	 1490	6447	000	016
2019-05-11 23:22:01	 746 	c1254						 3607 bytes to file.
Date 	Hmsec 	CounterID 	EventID 	Batt 	Light 	T1 	T2 	TC 	Batt(mV) 	Wgt(g/10) 	CoreTemp(C) 	Version 	1903281141 
2019-05-11 23:32:00	  63 	c1254 	1704 	 3301	   25	    0	    0	 1491	6447	000	016
2019-05-11 23:42:00	  63 	c1254 	1704 	 3301	   24	    0	    0	 1490	6447	000	016
2019-05-11 23:52:00	  63 	c1254 	1704 	 3300	   24	    0	    0	 1490	6445	000	016
2019-05-12 00:02:00	  63 	c1254 	1704 	 3300	   24	    0	    0	 1487	6445	000	015
2019-05-12 00:12:00	  63 	c1254 	1704 	 3300	   24	    0	    0	 1486	6445	000	015
2019-05-12 00:22:00	  63 	c1254 	1704 	 3300	   24	    0	    0	 1486	6445	000	015
2019-05-12 00:32:00	  63 	c1254 	1704 	 3300	   24	    0	    0	 1485	6445	000	015
2019-05-12 00:42:00	  63 	c1254 	1704 	 3299	   24	    0	    0	 1484	6443	000	015
2019-05-12 00:52:00	  63 	c1254 	1704 	 3299	   24	    0	    0	 1482	6443	000	014
2019-05-12 01:02:00	  63 	c1254 	1704 	 3299	   24	    0	    0	 1483	6443	000	015
2019-05-12 01:12:00	  63 	c1254 	1704 	 3299	   24	    0	    0	 1482	6443	000	014
2019-05-12 01:22:00	  63 	c1254 	1704 	 3298	   24	    0	    0	 1481	6441	000	014
2019-05-12 01:32:00	  63 	c1254 	1704 	 3298	   23	    0	    0	 1480	6441	000	014
2019-05-12 01:42:00	  63 	c1254 	1704 	 3298	   23	    0	    0	 1479	6441	000	014
2019-05-12 01:52:00	  63 	c1254 	1704 	 3298	   23	    0	    0	 1479	6441	000	014
2019-05-12 02:02:00	  63 	c1254 	1704 	 3298	   24	    0	    0	 1478	6441	000	014
2019-05-12 02:12:00	  63 	c1254 	1704 	 3297	   23	    0	    0	 1476	6439	000	013
2019-05-12 02:22:00	  63 	c1254 	1704 	 3297	   23	    0	    0	 1476	6439	000	013
2019-05-12 02:32:00	  63 	c1254 	1704 	 3297	   23	    0	    0	 1474	6439	000	013
2019-05-12 02:42:00	  63 	c1254 	1704 	 3297	   23	    0	    0	 1474	6439	000	013
2019-05-12 02:52:00	  63 	c1254 	1704 	 3296	   23	    0	    0	 1472	6437	000	012
2019-05-12 03:02:00	  63 	c1254 	1704 	 3296	   23	    0	    0	 1473	6437	000	013
2019-05-12 03:12:00	  63 	c1254 	1704 	 3295	   22	    0	    0	 1471	6435	000	012
2019-05-12 03:22:00	  63 	c1254 	1704 	 3295	   23	    0	    0	 1470	6435	000	012
2019-05-12 03:32:00	  63 	c1254 	1704 	 3295	   23	    0	    0	 1470	6435	000	012
2019-05-12 03:42:00	  63 	c1254 	1704 	 3294	   22	    0	    0	 1469	6433	000	012
2019-05-12 03:52:00	  63 	c1254 	1704 	 3294	   22	    0	    0	 1468	6433	000	012
2019-05-12 04:02:00	  63 	c1254 	1704 	 3294	   22	    0	    0	 1467	6433	000	012
2019-05-12 04:12:00	  63 	c1254 	1704 	 3294	   22	    0	    0	 1467	6433	000	012
2019-05-12 04:22:00	  63 	c1254 	1704 	 3293	   22	    0	    0	 1465	6431	000	011
2019-05-12 04:32:00	  63 	c1254 	1704 	 3293	   22	    0	    0	 1465	6431	000	011
2019-05-12 04:42:00	  63 	c1254 	1704 	 3293	   22	    0	    0	 1464	6431	000	011
2019-05-12 04:52:00	  63 	c1254 	1704 	 3293	   22	    0	    0	 1462	6431	000	011
2019-05-12 05:02:00	  63 	c1254 	1704 	 3293	   23	    0	    0	 1463	6431	000	011
2019-05-12 05:12:00	  63 	c1254 	1704 	 3292	   23	    0	    0	 1462	6429	000	011
2019-05-12 05:22:00	  63 	c1254 	1704 	 3292	   23	    0	    0	 1462	6429	000	011
2019-05-12 05:32:00	  63 	c1254 	1704 	 3291	   23	    0	    0	 1461	6427	000	010
2019-05-12 05:42:00	  63 	c1254 	1704 	 3291	   23	    0	    0	 1460	6427	000	010
2019-05-12 05:52:00	  63 	c1254 	1704 	 3291	   23	    0	    0	 1459	6427	000	010
2019-05-12 06:02:00	  63 	c1254 	1704 	 3290	   23	    0	    0	 1459	6425	000	010
2019-05-12 06:12:00	  63 	c1254 	1704 	 3290	   23	    0	    0	 1457	6425	000	010
2019-05-12 06:22:00	  63 	c1254 	1704 	 3290	   23	    0	    0	 1457	6425	000	010
2019-05-12 06:32:00	  63 	c1254 	1704 	 3290	   24	    0	    0	 1456	6425	000	009
2019-05-12 06:42:00	  63 	c1254 	1704 	 3290	   24	    0	    0	 1455	6425	000	009
2019-05-12 06:52:00	  63 	c1254 	1704 	 3289	   24	    0	    0	 1455	6423	000	009
2019-05-12 07:02:00	  63 	c1254 	1704 	 3289	   24	    0	    0	 1455	6423	000	009
2019-05-12 07:12:00	  63 	c1254 	1704 	 3288	   24	    0	    0	 1452	6421	000	009
2019-05-12 07:22:00	  63 	c1254 	1704 	 3289	   24	    0	    0	 1453	6423	000	009
2019-05-12 07:32:00	  63 	c1254 	1704 	 3288	   24	    0	    0	 1453	6421	000	009
2019-05-12 07:42:00	  63 	c1254 	1704 	 3288	   24	    0	    0	 1453	6421	000	009
2019-05-12 07:52:00	  63 	c1254 	1704 	 3288	   24	    0	    0	 1452	6421	000	009
2019-05-12 07:52:01	 734 	c1254						 3607 bytes to file.
Date 	Hmsec 	CounterID 	EventID 	Batt 	Light 	T1 	T2 	TC 	Batt(mV) 	Wgt(g/10) 	CoreTemp(C) 	Version 	1903281141 
2019-05-12 08:02:00	  63 	c1254 	1704 	 3288	   24	    0	    0	 1452	6421	000	009
2019-05-12 08:12:00	  63 	c1254 	1704 	 3287	   24	    0	    0	 1450	6419	000	008
2019-05-12 08:22:00	  63 	c1254 	1704 	 3287	   24	    0	    0	 1451	6419	000	008
2019-05-12 08:32:00	  63 	c1254 	1704 	 3287	   24	    0	    0	 1450	6419	000	008
2019-05-12 08:42:00	  63 	c1254 	1704 	 3287	   25	    0	    0	 1451	6419	000	008
2019-05-12 08:52:00	  63 	c1254 	1704 	 3286	  102	    0	    0	 1451	6417	000	008
2019-05-12 09:02:00	  63 	c1254 	1704 	 3286	   26	    0	    0	 1449	6417	000	008
2019-05-12 09:12:00	  63 	c1254 	1704 	 3286	   23	    0	    0	 1450	6417	000	008
2019-05-12 09:22:00	  63 	c1254 	1704 	 3287	 3537	    0	    0	 1450	6419	000	008
2019-05-12 09:32:00	  63 	c1254 	1704 	 3286	   27	    0	    0	 1452	6417	000	009
2019-05-12 09:42:00	  63 	c1254 	1704 	 3285	   27	    0	    0	 1455	6416	000	009
2019-05-12 09:52:00	  63 	c1254 	1704 	 3285	   28	    0	    0	 1457	6416	000	010
2019-05-12 10:02:00	  63 	c1254 	1704 	 3286	   28	    0	    0	 1458	6417	000	010
2019-05-12 10:12:00	  63 	c1254 	1704 	 3285	   28	    0	    0	 1461	6416	000	010
2019-05-12 10:22:00	  63 	c1254 	1704 	 3286	   29	    0	    0	 1464	6417	000	011
2019-05-12 10:32:00	  63 	c1254 	1704 	 3286	   29	    0	    0	 1466	6417	000	011
2019-05-12 10:42:00	  63 	c1254 	1704 	 3286	   29	    0	    0	 1469	6417	000	012
2019-05-12 10:52:00	  63 	c1254 	1704 	 3287	   30	    0	    0	 1472	6419	000	012
2019-05-12 11:02:00	  63 	c1254 	1704 	 3287	   30	    0	    0	 1474	6419	000	013
2019-05-12 11:12:00	  63 	c1254 	1704 	 3287	   31	    0	    0	 1476	6419	000	013
2019-05-12 11:22:00	  63 	c1254 	1704 	 3288	   32	    0	    0	 1480	6421	000	014
2019-05-12 11:32:00	  63 	c1254 	1704 	 3288	   32	    0	    0	 1482	6421	000	014
2019-05-12 11:42:00	  63 	c1254 	1704 	 3288	   33	    0	    0	 1486	6421	000	015
2019-05-12 11:52:00	  63 	c1254 	1704 	 3289	   32	    0	    0	 1488	6423	000	016
2019-05-12 12:02:00	  63 	c1254 	1704 	 3290	   32	    0	    0	 1492	6425	000	016
2019-05-12 12:12:00	  63 	c1254 	1704 	 3290	   32	    0	    0	 1494	6425	000	017
2019-05-12 12:22:00	  63 	c1254 	1704 	 3290	   33	    0	    0	 1495	6425	000	017
2019-05-12 12:32:00	  63 	c1254 	1704 	 3291	   33	    0	    0	 1499	6427	000	018
2019-05-12 12:42:00	  63 	c1254 	1704 	 3292	   34	    0	    0	 1502	6429	000	018
2019-05-12 12:52:00	  63 	c1254 	1704 	 3293	   35	    0	    0	 1504	6431	000	019
2019-05-12 13:02:00	  63 	c1254 	1704 	 3293	   35	    0	    0	 1507	6431	000	019
2019-05-12 13:12:00	  63 	c1254 	1704 	 3294	   35	    0	    0	 1509	6433	000	020
2019-05-12 13:22:00	  63 	c1254 	1704 	 3295	   35	    0	    0	 1513	6435	000	021
2019-05-12 13:32:00	  63 	c1254 	1704 	 3296	   35	    0	    0	 1514	6437	000	021
2019-05-12 13:42:00	  63 	c1254 	1704 	 3297	   34	    0	    0	 1519	6439	000	022
2019-05-12 13:52:00	  63 	c1254 	1704 	 3297	   34	    0	    0	 1520	6439	000	022
2019-05-12 14:02:00	  63 	c1254 	1704 	 3298	   35	    0	    0	 1523	6441	000	023
2019-05-12 14:12:00	  63 	c1254 	1704 	 3299	   34	    0	    0	 1524	6443	000	023
2019-05-12 14:22:00	  63 	c1254 	1704 	 3300	   34	    0	    0	 1525	6445	000	023
2019-05-12 14:32:00	  63 	c1254 	1704 	 3300	   34	    0	    0	 1527	6445	000	023
2019-05-12 14:42:00	  63 	c1254 	1704 	 3301	   34	    0	    0	 1528	6447	000	024
2019-05-12 14:52:00	  63 	c1254 	1704 	 3301	   34	    0	    0	 1529	6447	000	024
2019-05-12 15:02:00	  63 	c1254 	1704 	 3302	   34	    0	    0	 1532	6449	000	024
2019-05-12 15:12:00	  63 	c1254 	1704 	 3302	   35	    0	    0	 1532	6449	000	024
2019-05-12 15:22:00	  63 	c1254 	1704 	 3303	   31	    0	    0	 1533	6451	000	025
2019-05-12 15:32:00	  63 	c1254 	1704 	 3304	   31	    0	    0	 1532	6453	000	024
2019-05-12 15:42:00	  63 	c1254 	1704 	 3304	   31	    0	    0	 1533	6453	000	025
2019-05-12 15:52:00	  63 	c1254 	1704 	 3304	   30	    0	    0	 1532	6453	000	024
2019-05-12 16:02:00	  63 	c1254 	1704 	 3305	   30	    0	    0	 1532	6455	000	024
2019-05-12 16:12:00	  63 	c1254 	1704 	 3304	   40	    0	    0	 1531	6453	000	024
2019-05-12 16:22:00	  63 	c1254 	1704 	 3304	   40	    0	    0	 1531	6453	000	024
2019-05-12 16:22:01	 753 	c1254						 3607 bytes to file.
Date 	Hmsec 	CounterID 	EventID 	Batt 	Light 	T1 	T2 	TC 	Batt(mV) 	Wgt(g/10) 	CoreTemp(C) 	Version 	1903281141 
2019-05-12 16:32:00	  63 	c1254 	1704 	 3305	   34	    0	    0	 1529	6455	000	024
2019-05-12 16:42:00	  63 	c1254 	1704 	 3305	   35	    0	    0	 1529	6455	000	024
2019-05-12 16:52:00	  63 	c1254 	1704 	 3305	   34	    0	    0	 1530	6455	000	024
2019-05-12 17:02:00	  63 	c1254 	1704 	 3306	   38	    0	    0	 1529	6457	000	024
2019-05-12 17:12:00	  63 	c1254 	1704 	 3306	   38	    0	    0	 1529	6457	000	024
2019-05-12 17:22:00	  63 	c1254 	1704 	 3305	   37	    0	    0	 1529	6455	000	024
2019-05-12 17:32:00	  63 	c1254 	1704 	 3306	   36	    0	    0	 1528	6457	000	024
2019-05-12 17:42:00	  63 	c1254 	1704 	 3306	   34	    0	    0	 1528	6457	000	024
2019-05-12 17:52:00	  63 	c1254 	1704 	 3306	   32	    0	    0	 1530	6457	000	024
2019-05-12 18:02:00	  63 	c1254 	1704 	 3306	   31	    0	    0	 1529	6457	000	024
2019-05-12 18:12:00	  63 	c1254 	1704 	 3306	   31	    0	    0	 1529	6457	000	024
2019-05-12 18:22:00	  63 	c1254 	1704 	 3306	   31	    0	    0	 1529	6457	000	024
2019-05-12 18:32:00	  63 	c1254 	1704 	 3306	   31	    0	    0	 1529	6457	000	024
2019-05-12 18:42:00	  63 	c1254 	1704 	 3306	   31	    0	    0	 1529	6457	000	024
2019-05-12 18:52:00	  63 	c1254 	1704 	 3306	   30	    0	    0	 1528	6457	000	024
2019-05-12 19:02:00	  63 	c1254 	1704 	 3306	   30	    0	    0	 1529	6457	000	024
2019-05-12 19:12:00	  63 	c1254 	1704 	 3306	   30	    0	    0	 1529	6457	000	024
2019-05-12 19:22:00	  63 	c1254 	1704 	 3306	   30	    0	    0	 1528	6457	000	024
2019-05-12 19:32:00	  63 	c1254 	1704 	 3306	   30	    0	    0	 1525	6457	000	023
2019-05-12 19:42:00	  63 	c1254 	1704 	 3306	   30	    0	    0	 1525	6457	000	023
2019-05-12 19:52:00	  63 	c1254 	1704 	 3306	   29	    0	    0	 1524	6457	000	023
2019-05-12 20:02:00	  63 	c1254 	1704 	 3306	   29	    0	    0	 1523	6457	000	023
2019-05-12 20:12:00	  63 	c1254 	1704 	 3305	   29	    0	    0	 1522	6455	000	022
2019-05-12 20:22:00	  63 	c1254 	1704 	 3306	   28	    0	    0	 1521	6457	000	022
2019-05-12 20:32:00	  63 	c1254 	1704 	 3306	   28	    0	    0	 1521	6457	000	022
2019-05-12 20:42:00	  63 	c1254 	1704 	 3305	   27	    0	    0	 1518	6455	000	022
2019-05-12 20:52:00	  63 	c1254 	1704 	 3305	   27	    0	    0	 1516	6455	000	021
2019-05-12 21:02:00	  63 	c1254 	1704 	 3305	   27	    0	    0	 1516	6455	000	021
2019-05-12 21:12:00	  63 	c1254 	1704 	 3304	   27	    0	    0	 1514	6453	000	021
2019-05-12 21:22:00	  63 	c1254 	1704 	 3304	   27	    0	    0	 1512	6453	000	020
2019-05-12 21:32:00	  63 	c1254 	1704 	 3304	   26	    0	    0	 1511	6453	000	020
2019-05-12 21:42:00	  63 	c1254 	1704 	 3304	   26	    0	    0	 1509	6453	000	020
2019-05-12 21:52:00	  63 	c1254 	1704 	 3303	   26	    0	    0	 1507	6451	000	019
2019-05-12 22:02:00	  63 	c1254 	1704 	 3303	   26	    0	    0	 1507	6451	000	019
2019-05-12 22:12:00	  63 	c1254 	1704 	 3303	   26	    0	    0	 1505	6451	000	019
2019-05-12 22:22:00	  63 	c1254 	1704 	 3302	   26	    0	    0	 1503	6449	000	019
2019-05-12 22:32:00	  63 	c1254 	1704 	 3302	   25	    0	    0	 1501	6449	000	018
2019-05-12 22:42:00	  63 	c1254 	1704 	 3301	   25	    0	    0	 1501	6447	000	018
2019-05-12 22:52:00	  63 	c1254 	1704 	 3301	   25	    0	    0	 1499	6447	000	018
2019-05-12 23:02:00	  63 	c1254 	1704 	 3301	   25	    0	    0	 1497	6447	000	017
2019-05-12 23:12:00	  63 	c1254 	1704 	 3301	   25	    0	    0	 1496	6447	000	017
2019-05-12 23:22:00	  63 	c1254 	1704 	 3300	   25	    0	    0	 1495	6445	000	017
2019-05-12 23:32:00	  63 	c1254 	1704 	 3300	   25	    0	    0	 1493	6445	000	017
2019-05-12 23:42:00	  63 	c1254 	1704 	 3299	   25	    0	    0	 1491	6443	000	016
2019-05-12 23:52:00	  63 	c1254 	1704 	 3299	   24	    0	    0	 1491	6443	000	016
2019-05-13 00:02:00	  63 	c1254 	1704 	 3299	   24	    0	    0	 1490	6443	000	016
2019-05-13 00:12:00	  63 	c1254 	1704 	 3299	   25	    0	    0	 1488	6443	000	016
2019-05-13 00:22:00	  63 	c1254 	1704 	 3298	   24	    0	    0	 1486	6441	000	015
2019-05-13 00:32:00	  63 	c1254 	1704 	 3297	   24	    0	    0	 1484	6439	000	015
2019-05-13 00:42:00	  63 	c1254 	1704 	 3297	   24	    0	    0	 1484	6439	000	015
2019-05-13 00:52:00	  63 	c1254 	1704 	 3297	   24	    0	    0	 1482	6439	000	014
2019-05-13 00:52:01	 743 	c1254						 3607 bytes to file.
Date 	Hmsec 	CounterID 	EventID 	Batt 	Light 	T1 	T2 	TC 	Batt(mV) 	Wgt(g/10) 	CoreTemp(C) 	Version 	1903281141 
2019-05-13 01:02:00	  63 	c1254 	1704 	 3296	   24	    0	    0	 1481	6437	000	014
2019-05-13 01:12:00	  63 	c1254 	1704 	 3296	   24	    0	    0	 1480	6437	000	014
2019-05-13 01:22:00	  63 	c1254 	1704 	 3296	   23	    0	    0	 1479	6437	000	014
2019-05-13 01:32:00	  63 	c1254 	1704 	 3295	   24	    0	    0	 1479	6435	000	014
2019-05-13 01:42:00	  63 	c1254 	1704 	 3295	   23	    0	    0	 1477	6435	000	013
2019-05-13 01:52:00	  63 	c1254 	1704 	 3295	   23	    0	    0	 1477	6435	000	013
2019-05-13 02:02:00	  63 	c1254 	1704 	 3294	   23	    0	    0	 1475	6433	000	013
2019-05-13 02:12:00	  63 	c1254 	1704 	 3293	   23	    0	    0	 1474	6431	000	013
2019-05-13 02:22:00	  63 	c1254 	1704 	 3293	   23	    0	    0	 1474	6431	000	013
2019-05-13 02:32:00	  63 	c1254 	1704 	 3293	   23	    0	    0	 1471	6431	000	012
2019-05-13 02:42:00	  63 	c1254 	1704 	 3292	   23	    0	    0	 1470	6429	000	012
2019-05-13 02:52:00	  63 	c1254 	1704 	 3292	   23	    0	    0	 1471	6429	000	012
2019-05-13 03:02:00	  63 	c1254 	1704 	 3292	   23	    0	    0	 1468	6429	000	012
2019-05-13 03:12:00	  63 	c1254 	1704 	 3291	   22	    0	    0	 1468	6427	000	012
2019-05-13 03:22:00	  63 	c1254 	1704 	 3291	   22	    0	    0	 1467	6427	000	012
2019-05-13 03:32:00	  63 	c1254 	1704 	 3290	   22	    0	    0	 1467	6425	000	012
2019-05-13 03:42:00	  63 	c1254 	1704 	 3290	   22	    0	    0	 1466	6425	000	011
2019-05-13 03:52:00	  63 	c1254 	1704 	 3290	   22	    0	    0	 1466	6425	000	011
2019-05-13 04:02:00	  63 	c1254 	1704 	 3290	   22	    0	    0	 1462	6425	000	011
2019-05-13 04:12:00	  63 	c1254 	1704 	 3289	   22	    0	    0	 1462	6423	000	011
2019-05-13 04:22:00	  63 	c1254 	1704 	 3289	   22	    0	    0	 1462	6423	000	011
2019-05-13 04:32:00	  63 	c1254 	1704 	 3288	   22	    0	    0	 1461	6421	000	010
2019-05-13 04:42:00	  63 	c1254 	1704 	 3288	   22	    0	    0	 1459	6421	000	010
2019-05-13 04:52:00	  63 	c1254 	1704 	 3288	   22	    0	    0	 1460	6421	000	010
2019-05-13 05:02:00	  63 	c1254 	1704 	 3288	   22	    0	    0	 1459	6421	000	010
2019-05-13 05:12:00	  63 	c1254 	1704 	 3287	   22	    0	    0	 1458	6419	000	010
2019-05-13 05:22:00	  63 	c1254 	1704 	 3287	   22	    0	    0	 1457	6419	000	010
2019-05-13 05:32:00	  63 	c1254 	1704 	 3286	   22	    0	    0	 1456	6417	000	009
2019-05-13 05:42:00	  63 	c1254 	1704 	 3286	   22	    0	    0	 1456	6417	000	009
2019-05-13 05:52:00	  63 	c1254 	1704 	 3285	   22	    0	    0	 1456	6416	000	009
2019-05-13 06:02:00	  63 	c1254 	1704 	 3285	   22	    0	    0	 1454	6416	000	009
2019-05-13 06:12:00	  63 	c1254 	1704 	 3285	   22	    0	    0	 1453	6416	000	009
2019-05-13 06:22:00	  63 	c1254 	1704 	 3284	   22	    0	    0	 1453	6414	000	009
2019-05-13 06:32:00	  63 	c1254 	1704 	 3285	   22	    0	    0	 1452	6416	000	009
2019-05-13 06:42:00	  63 	c1254 	1704 	 3284	   23	    0	    0	 1451	6414	000	008
2019-05-13 06:52:00	  63 	c1254 	1704 	 3284	   22	    0	    0	 1452	6414	000	009
2019-05-13 07:02:00	  63 	c1254 	1704 	 3283	   22	    0	    0	 1451	6412	000	008
2019-05-13 07:12:00	  63 	c1254 	1704 	 3283	   22	    0	    0	 1451	6412	000	008
2019-05-13 07:22:00	  63 	c1254 	1704 	 3283	   22	    0	    0	 1450	6412	000	008
2019-05-13 07:32:00	  63 	c1254 	1704 	 3282	   23	    0	    0	 1450	6410	000	008
2019-05-13 07:42:00	  63 	c1254 	1704 	 3282	   23	    0	    0	 1450	6410	000	008
2019-05-13 07:52:00	  63 	c1254 	1704 	 3282	   22	    0	    0	 1451	6410	000	008
2019-05-13 08:02:00	  63 	c1254 	1704 	 3282	   78	    0	    0	 1452	6410	000	009
2019-05-13 08:12:00	  63 	c1254 	1704 	 3281	   77	    0	    0	 1456	6408	000	009
2019-05-13 08:22:00	  63 	c1254 	1704 	 3281	   35	    0	    0	 1457	6408	000	010
2019-05-13 08:32:00	  63 	c1254 	1705 	 3282	 3868	    0	    0	 1459	6410	000	010
2019-05-13 08:42:00	  63 	c1254 	1705 	 3282	 3872	    0	    0	 1461	6410	000	010
2019-05-13 08:52:00	  63 	c1254 	1705 	 3282	 3913	    0	    0	 1463	6410	000	011
2019-05-13 09:02:00	  63 	c1254 	1705 	 3282	 3872	    0	    0	 1465	6410	000	011
2019-05-13 09:12:00	  63 	c1254 	1707 	 3282	 3874	    0	    0	 1467	6410	000	012
2019-05-13 09:22:00	  63 	c1254 	1709 	 3282	 3875	    0	    0	 1467	6410	000	012
2019-05-13 09:22:01	 743 	c1254						 3607 bytes to file.
Date 	Hmsec 	CounterID 	EventID 	Batt 	Light 	T1 	T2 	TC 	Batt(mV) 	Wgt(g/10) 	CoreTemp(C) 	Version 	1903281141 
2019-05-13 09:32:00	  63 	c1254 	1723 	 3282	 3905	    0	    0	 1469	6410	000	012
2019-05-13 09:42:00	  63 	c1254 	1731 	 3283	 3976	    0	    0	 1486	6412	000	015
2019-05-13 09:52:00	  63 	c1254 	1757 	 3287	 3966	    0	    0	 1508	6419	000	020
2019-05-13 10:02:00	  63 	c1254 	1781 	 3287	 3968	    0	    0	 1523	6419	000	023
2019-05-13 10:05:07	 251 	c1254						 411 bytes to file.
Date 	Hmsec 	CounterID 	EventID 	Batt 	Light 	T1 	T2 	TC 	Batt(mV) 	Wgt(g/10) 	CoreTemp(C) 	Version 	1903281141 
2019-05-13 10:12:04	  63 	c1254 	1800 	 3285	 3970	    0	    0	 1535	6416	000	025
2019-05-13 10:22:04	  63 	c1254 	1820 	 3287	 3972	    0	    0	 1547	6419	000	027
2019-05-13 10:32:04	  63 	c1254 	1835 	 3289	 3961	    0	    0	 1550	6423	000	028
2019-05-13 10:42:04	  63 	c1254 	1840 	 3291	 3948	    0	    0	 1547	6427	000	027
2019-05-13 10:52:04	  63 	c1254 	1850 	 3292	 3944	    0	    0	 1540	6429	000	026
2019-05-13 10:57:01	 257 	c1254						 479 bytes to file.
Date 	Hmsec 	CounterID 	EventID 	Batt 	Light 	T1 	T2 	TC 	Batt(mV) 	Wgt(g/10) 	CoreTemp(C) 	Version 	1903281141 
2019-05-13 11:02:08	  63 	c1254 	1867 	 3293	 3947	    0	    0	 1538	6431	000	026
2019-05-13 11:12:08	  63 	c1254 	1883 	 3294	 3955	    0	    0	 1535	6433	000	025
2019-05-13 11:22:08	  63 	c1254 	1906 	 3294	 3966	    0	    0	 1533	6433	000	025
2019-05-13 11:31:22	 235 	c1254						 343 bytes to file.
Date 	Hmsec 	CounterID 	EventID 	Batt 	Light 	T1 	T2 	TC 	Batt(mV) 	Wgt(g/10) 	CoreTemp(C) 	Version 	1903281141 
2019-05-13 11:32:12	  63 	c1254 	1925 	 3295	 3973	    0	    0	 1533	6435	000	025
2019-05-13 11:42:12	  63 	c1254 	1940 	 3294	   50	    0	    0	 1532	6433	000	024
2019-05-13 11:52:12	  63 	c1254 	1940 	 3295	   54	    0	    0	 1530	6435	000	024
2019-05-13 12:02:12	  63 	c1254 	1940 	 3295	   45	    0	    0	 1528	6435	000	024
2019-05-13 12:12:12	  63 	c1254 	1940 	 3295	   44	    0	    0	 1526	6435	000	023
2019-05-13 12:22:12	  63 	c1254 	1940 	 3295	   47	    0	    0	 1525	6435	000	023
2019-05-13 12:32:12	  63 	c1254 	1940 	 3296	   47	    0	    0	 1524	6437	000	023
2019-05-13 12:42:12	  63 	c1254 	1940 	 3296	   52	    0	    0	 1521	6437	000	022
2019-05-13 12:52:12	  63 	c1254 	1940 	 3295	   42	    0	    0	 1520	6435	000	022
2019-05-13 13:02:12	  63 	c1254 	1940 	 3296	   52	    0	    0	 1517	6437	000	021
2019-05-13 13:12:12	  63 	c1254 	1940 	 3295	    3	    0	    0	 1517	6435	000	021
2019-05-13 13:22:12	  63 	c1254 	1940 	 3295	   29	    0	    0	 1517	6435	000	021
2019-05-13 13:32:12	  63 	c1254 	1940 	 3296	   29	    0	    0	 1516	6437	000	021
2019-05-13 13:42:12	  63 	c1254 	1940 	 3295	   29	    0	    0	 1515	6435	000	021
2019-05-13 13:52:12	  63 	c1254 	1940 	 3295	   29	    0	    0	 1515	6435	000	021
2019-05-13 14:02:12	  63 	c1254 	1940 	 3295	   29	    0	    0	 1514	6435	000	021
2019-05-13 14:12:12	  63 	c1254 	1940 	 3295	   29	    0	    0	 1513	6435	000	021
2019-05-13 14:22:12	  63 	c1254 	1940 	 3295	   29	    0	    0	 1513	6435	000	021
2019-05-13 14:32:12	  63 	c1254 	1940 	 3295	  127	    0	    0	 1512	6435	000	020
2019-05-13 14:42:12	  63 	c1254 	1940 	 3295	  136	    0	    0	 1510	6435	000	020
2019-05-13 14:43:23	 423 	c1254						 1499 bytes to file.
Date 	Hmsec 	CounterID 	EventID 	Batt 	Light 	T1 	T2 	TC 	Batt(mV) 	Wgt(g/10) 	CoreTemp(C) 	Version 	1903281141 
2019-05-13 14:43:24	 773 	c1254						 139 bytes to file.
Date 	Hmsec 	CounterID 	EventID 	Batt 	Light 	T1 	T2 	TC 	Batt(mV) 	Wgt(g/10) 	CoreTemp(C) 	Version 	1903281141 
2019-05-13 14:43:25	 206 	c1254						 139 bytes to file.
Date 	Hmsec 	CounterID 	EventID 	Batt 	Light 	T1 	T2 	TC 	Batt(mV) 	Wgt(g/10) 	CoreTemp(C) 	Version 	1903281141 
2019-05-13 14:43:26	 453 	c1254						 139 bytes to file.
