Date	 Hmsec	 CounterID	 EventID	 CounterMsgID	 Status(bin)	 Status(dec)	 Timer[s/12000]	 Unclear	 Entry	 LookIn	 Exit	 LookOut	 Visits
2020-05-16 16:25:54	 372 	c1254 	3704 	 114 	 10101000 	 168 	 2895136 	 253	 84	 179	 133	 23	 178	 
2020-05-17 00:46:13	 825 	c1254	262 bytes to file.
Date	 Hmsec	 CounterID	 EventID	 CounterMsgID	 Status(bin)	 Status(dec)	 Timer[s/12000]	 Unclear	 Entry	 LookIn	 Exit	 LookOut	 Visits
2020-05-17 09:16:13	 804 	c1254	161 bytes to file.
Date	 Hmsec	 CounterID	 EventID	 CounterMsgID	 Status(bin)	 Status(dec)	 Timer[s/12000]	 Unclear	 Entry	 LookIn	 Exit	 LookOut	 Visits
2020-05-17 09:19:56	 742 	c1254 	3706 	 120 	 10101000 	 168 	 5676384 	 254	 84	 179	 133	 23	 178	 
2020-05-17 09:20:08	1112 	c1254 	3707 	 124 	 10101000 	 168 	 5811864 	 255	 84	 179	 133	 23	 178	 
2020-05-17 09:22:17	 595 	c1254 	3708 	 128 	 10101000 	 168 	 7225392 	 256	 84	 179	 133	 23	 178	 
2020-05-17 09:22:19	 799 	c1254 	3709 	 132 	 10101000 	 168 	 7249320 	 257	 84	 179	 133	 23	 178	 
2020-05-17 09:25:15	 103 	c1254 	3710 	 136 	 10101000 	 168 	 9178584 	 258	 84	 179	 133	 23	 178	 
2020-05-17 09:25:17	 292 	c1254 	3711 	 140 	 10101000 	 168 	 9202368 	 259	 84	 179	 133	 23	 178	 
2020-05-17 09:25:18	 956 	c1254 	3712 	 144 	 10101000 	 168 	 9219648 	 260	 84	 179	 133	 23	 178	 
2020-05-17 09:25:22	1092 	c1254 	3715 	 152 	 10101000 	 168 	 9264936 	 261	 84	 179	 133	 23	 178	 
2020-05-17 09:25:24	 232 	c1254 	3716 	 156 	 10101000 	 168 	 9278784 	 262	 84	 179	 133	 23	 178	 
2020-05-17 09:26:28	 590 	c1254 	3718 	 168 	 01110100 	 116 	 9985896 	 262	 84	 180	 133	 23	 179	 
2020-05-17 09:30:01	 484 	c1254 	3719 	 173 	 01010100 	 84 	 12327288 	 263	 84	 180	 133	 23	 179	 
2020-05-17 09:30:19	 519 	c1254 	3720 	 177 	 01010100 	 84 	 12525576 	 264	 84	 180	 133	 23	 179	 
2020-05-17 09:30:57	 652 	c1254 	3721 	 181 	 01010100 	 84 	 12944712 	 265	 84	 180	 133	 23	 179	 
2020-05-17 09:31:00	 115 	c1254 	3723 	 187 	 01010100 	 84 	 12972624 	 266	 84	 180	 133	 23	 179	 
2020-05-17 09:31:10	 456 	c1254 	3724 	 191 	 01010100 	 84 	 13085808 	 267	 84	 180	 133	 23	 179	 
2020-05-17 09:31:19	 469 	c1254 	3726 	 197 	 01010100 	 84 	 13184904 	 268	 84	 180	 133	 23	 179	 
2020-05-17 09:31:20	1155 	c1254 	3727 	 203 	 01110100 	 116 	 13202400 	 268	 84	 181	 133	 23	 180	 
2020-05-17 09:31:23	 701 	c1254 	3728 	 209 	 01110100 	 116 	 13231104 	 268	 84	 182	 133	 23	 180	 
2020-05-17 09:31:27	 273 	c1254 	3730 	 219 	 10110100 	 180 	 13271040 	 268	 85	 182	 133	 23	 180	 
2020-05-17 09:31:50	1024 	c1254 	3731 	 225 	 01111000 	 120 	 13531032 	 268	 85	 182	 134	 23	 180	 
2020-05-17 09:32:10	 381 	c1254 	3732 	 231 	 10110100 	 180 	 13744800 	 268	 86	 182	 134	 23	 181	 
2020-05-17 09:32:13	 523 	c1254 	3734 	 245 	 10110100 	 180 	 13779144 	 268	 87	 182	 134	 23	 182	 
2020-05-17 09:33:05	  65 	c1254 	3735 	 249 	 01010100 	 84 	 14346312 	 269	 87	 182	 134	 23	 182	 
2020-05-17 09:33:09	 697 	c1254 	3736 	 255 	 10110100 	 180 	 14396256 	 269	 88	 182	 134	 23	 183	 
2020-05-17 09:33:22	1025 	c1254 	3737 	 7 	 01111000 	 120 	 14542272 	 269	 88	 182	 135	 23	 183	 
2020-05-17 09:33:42	  81 	c1254 	3738 	 15 	 01111000 	 120 	 14753184 	 269	 88	 182	 136	 23	 183	 
2020-05-17 09:33:46	 515 	c1254 	3739 	 25 	 01110100 	 116 	 14801256 	 269	 88	 183	 136	 23	 184	 
2020-05-17 09:34:08	 719 	c1254 	3740 	 34 	 01111000 	 120 	 15045000 	 269	 88	 183	 137	 23	 184	 
2020-05-17 09:35:41	 117 	c1254 	3741 	 42 	 01110100 	 116 	 16061352 	 269	 88	 184	 137	 23	 185	 
2020-05-17 09:36:04	1050 	c1254 	3742 	 49 	 01111000 	 120 	 16322928 	 269	 88	 184	 138	 23	 185	 
2020-05-17 09:38:53	 865 	c1254 	3743 	 57 	 10110100 	 180 	 1400600 	 269	 89	 184	 138	 23	 186	 
2020-05-17 09:39:23	 193 	c1254 	3744 	 65 	 01110100 	 116 	 1723760 	 269	 89	 185	 138	 23	 187	 
2020-05-17 09:39:28	 936 	c1254 	3745 	 75 	 01111000 	 120 	 1785704 	 269	 89	 185	 139	 23	 187	 
2020-05-17 09:39:41	 858 	c1254 	3746 	 82 	 11111000 	 248 	 1927736 	 270	 89	 185	 139	 23	 187	 
2020-05-17 09:44:19	 235 	c1254 	3747 	 88 	 10110100 	 180 	 4973456 	 270	 90	 185	 139	 23	 188	 
2020-05-17 09:44:28	 585 	c1254 	3749 	 96 	 01111000 	 120 	 5075552 	 270	 90	 185	 140	 23	 188	 
2020-05-17 09:47:34	 486 	c1254 	3750 	 104 	 10110100 	 180 	 7115432 	 270	 91	 185	 140	 23	 189	 
2020-05-17 09:47:53	 372 	c1254 	3751 	 110 	 01111000 	 120 	 7322840 	 270	 91	 185	 141	 23	 189	 
2020-05-17 09:48:58	 583 	c1254 	3752 	 118 	 10110100 	 180 	 8038232 	 270	 92	 185	 141	 23	 190	 
2020-05-17 09:49:01	 584 	c1254 	3754 	 130 	 01110100 	 116 	 8071184 	 270	 92	 186	 141	 23	 191	 
2020-05-17 09:49:14	1143 	c1254 	3755 	 139 	 01111000 	 120 	 8219168 	 270	 92	 186	 142	 23	 191	 
2020-05-17 09:49:22	 661 	c1254 	3756 	 148 	 11111000 	 248 	 8302424 	 271	 92	 186	 142	 23	 191	 
2020-05-17 09:50:01	 355 	c1254 	3757 	 156 	 01110100 	 116 	 8727440 	 271	 92	 187	 142	 23	 192	 
2020-05-17 09:50:16	 100 	c1254 	3758 	 167 	 11111000 	 248 	 8889632 	 272	 92	 187	 142	 23	 192	 
2020-05-17 09:50:23	 457 	c1254 	3759 	 173 	 10110100 	 180 	 8969816 	 272	 93	 187	 142	 23	 193	 
2020-05-17 09:50:57	 676 	c1254 	3760 	 179 	 01111000 	 120 	 9344984 	 272	 93	 187	 143	 23	 193	 
2020-05-17 09:51:02	1112 	c1254 	3762 	 189 	 01110100 	 116 	 9403976 	 272	 93	 188	 143	 23	 194	 
2020-05-17 09:51:25	 462 	c1254 	3763 	 200 	 01111000 	 120 	 9650216 	 272	 93	 188	 144	 23	 194	 
2020-05-17 09:52:09	 492 	c1254 	3764 	 206 	 10110100 	 180 	 10133336 	 272	 94	 188	 144	 23	 195	 
2020-05-17 09:52:17	 439 	c1254 	3765 	 212 	 01111000 	 120 	 10220624 	 272	 94	 188	 145	 23	 195	 
2020-05-17 09:52:29	1148 	c1254 	3766 	 222 	 10110100 	 180 	 10358960 	 272	 95	 188	 145	 23	 196	 
2020-05-17 09:52:36	 372 	c1254 	3767 	 228 	 01111000 	 120 	 10428440 	 272	 95	 188	 146	 23	 196	 
2020-05-17 09:53:43	 407 	c1254 	3768 	 234 	 10110100 	 180 	 11164016 	 272	 96	 188	 146	 23	 197	 
2020-05-17 09:54:02	 921 	c1254 	3769 	 240 	 01111000 	 120 	 11377376 	 272	 96	 188	 147	 23	 197	 
2020-05-17 09:54:15	1017 	c1254 	3770 	 254 	 01110100 	 116 	 11520968 	 272	 96	 189	 147	 23	 198	 
2020-05-17 09:54:25	 803 	c1254 	3771 	 4 	 01111000 	 120 	 11628704 	 272	 96	 189	 148	 23	 198	 
2020-05-17 09:55:37	 773 	c1254 	3773 	 22 	 10110100 	 180 	 12418592 	 272	 97	 189	 148	 23	 199	 
2020-05-17 09:55:43	 307 	c1254 	3774 	 33 	 01110100 	 116 	 12480056 	 272	 97	 190	 148	 23	 200	 
2020-05-17 09:55:48	 802 	c1254 	3775 	 43 	 01111000 	 120 	 12539624 	 272	 97	 190	 149	 23	 200	 
2020-05-17 09:56:01	 186 	c1254 	3776 	 49 	 01111000 	 120 	 12676496 	 272	 97	 190	 150	 23	 200	 
2020-05-17 09:56:32	1004 	c1254 	3777 	 57 	 10110100 	 180 	 13024496 	 272	 98	 190	 150	 23	 201	 
2020-05-17 09:56:47	 206 	c1254 	3778 	 64 	 11111000 	 248 	 13181600 	 273	 98	 190	 150	 23	 201	 
2020-05-17 09:56:51	 314 	c1254 	3779 	 70 	 10110100 	 180 	 13226528 	 273	 99	 190	 150	 23	 202	 
2020-05-17 09:57:14	 850 	c1254 	3780 	 76 	 01111000 	 120 	 13484072 	 273	 99	 190	 151	 23	 202	 
2020-05-17 09:57:28	 251 	c1254 	3781 	 86 	 10110100 	 180 	 13632104 	 273	 100	 190	 151	 23	 203	 
2020-05-17 09:57:53	1050 	c1254 	3782 	 94 	 01111000 	 120 	 13914080 	 273	 100	 190	 152	 23	 203	 
2020-05-17 09:58:19	 129 	c1254 	3783 	 104 	 10110100 	 180 	 14190776 	 273	 101	 190	 152	 23	 204	 
2020-05-17 09:58:30	 546 	c1254 	3784 	 113 	 01111000 	 120 	 14315528 	 273	 101	 190	 153	 23	 204	 
2020-05-17 09:58:50	 991 	c1254 	3785 	 123 	 01110100 	 116 	 14539304 	 273	 101	 191	 153	 23	 205	 
2020-05-17 09:58:57	 126 	c1254 	3786 	 132 	 11111000 	 248 	 14607992 	 274	 101	 191	 153	 23	 205	 
2020-05-17 09:59:06	  48 	c1254	7247 bytes to file.
Date	 Hmsec	 CounterID	 EventID	 CounterMsgID	 Status(bin)	 Status(dec)	 Timer[s/12000]	 Unclear	 Entry	 LookIn	 Exit	 LookOut	 Visits
2020-05-17 09:59:27	 412 	c1254 	3787 	 139 	 10110100 	 180 	 14940104 	 274	 102	 191	 153	 23	 206	 
2020-05-17 09:59:36	 522 	c1254 	3788 	 152 	 01111000 	 120 	 15039968 	 274	 102	 191	 154	 23	 206	 
2020-05-17 10:00:02	1130 	c1254 	3789 	 158 	 10110100 	 180 	 15331184 	 274	 103	 191	 154	 23	 207	 
2020-05-17 10:00:10	 875 	c1254 	3790 	 166 	 01111000 	 120 	 15416624 	 274	 103	 191	 155	 23	 207	 
2020-05-17 10:00:16	 623 	c1254 	3791 	 174 	 10110100 	 180 	 15480128 	 274	 104	 191	 155	 23	 208	 
2020-05-17 10:00:34	 615 	c1254 	3792 	 180 	 01111000 	 120 	 15677648 	 274	 104	 191	 156	 23	 208	 
2020-05-17 10:01:08	 583 	c1254 	3793 	 186 	 10110100 	 180 	 16050632 	 274	 105	 191	 156	 23	 209	 
2020-05-17 10:01:26	  10 	c1254 	3794 	 197 	 01111000 	 120 	 16242848 	 274	 105	 191	 157	 23	 209	 
2020-05-17 10:01:53	 734 	c1254 	3795 	 205 	 10110100 	 180 	 16546064 	 274	 106	 191	 157	 23	 210	 
2020-05-17 10:02:05	  23 	c1254 	3796 	 213 	 10111000 	 184 	 16671080 	 274	 106	 191	 157	 24	 210	 
2020-05-17 10:02:10	 553 	c1254 	3797 	 224 	 10110100 	 180 	 16730984 	 274	 107	 191	 157	 24	 211	 
2020-05-17 10:02:40	  81 	c1254 	3798 	 230 	 01111000 	 120 	 278704 	 274	 107	 191	 158	 24	 211	 
2020-05-17 10:03:56	 803 	c1254 	3799 	 236 	 10110100 	 180 	 1119952 	 274	 108	 191	 158	 24	 212	 
2020-05-17 10:04:05	  12 	c1254 	3800 	 247 	 01111000 	 120 	 1211320 	 274	 108	 191	 159	 24	 212	 
2020-05-17 10:06:16	1001 	c1254 	3801 	 253 	 10110100 	 180 	 2659288 	 274	 109	 191	 159	 24	 213	 
2020-05-17 10:06:26	 849 	c1254 	3802 	 7 	 01111000 	 120 	 2767696 	 274	 109	 191	 160	 24	 213	 
2020-05-17 10:07:07	 205 	c1254 	3804 	 17 	 10110100 	 180 	 3211912 	 274	 110	 191	 160	 24	 214	 
2020-05-17 10:07:17	1046 	c1254 	3806 	 26 	 01111000 	 120 	 3329728 	 274	 110	 191	 161	 24	 214	 
2020-05-17 10:07:36	 820 	c1254 	3807 	 34 	 10110100 	 180 	 3536344 	 274	 111	 191	 161	 24	 215	 
2020-05-17 10:07:46	  71 	c1254 	3808 	 43 	 11111000 	 248 	 3639136 	 275	 111	 191	 161	 24	 215	 
2020-05-17 10:08:14	 529 	c1254 	3809 	 55 	 01110100 	 116 	 3951064 	 275	 111	 192	 161	 24	 216	 
2020-05-17 10:08:19	 988 	c1254 	3810 	 63 	 10110100 	 180 	 4010368 	 275	 112	 192	 161	 24	 216	 
2020-05-17 10:08:29	 235 	c1254 	3811 	 71 	 01110100 	 116 	 4113136 	 275	 112	 193	 161	 24	 217	 
2020-05-17 10:08:32	 745 	c1254 	3812 	 80 	 01111000 	 120 	 4150936 	 275	 112	 193	 162	 24	 217	 
2020-05-17 10:09:50	 419 	c1254 	3813 	 88 	 01110100 	 116 	 5004856 	 275	 112	 194	 162	 24	 218	 
2020-05-17 10:09:58	 815 	c1254 	3814 	 97 	 01111000 	 120 	 5096512 	 275	 112	 194	 163	 24	 218	 
2020-05-17 10:10:08	 997 	c1254 	3815 	 110 	 10110100 	 180 	 5208112 	 275	 113	 194	 163	 24	 219	 
2020-05-17 10:10:29	 469 	c1254 	3816 	 119 	 01111000 	 120 	 5433856 	 275	 113	 194	 164	 24	 219	 
2020-05-17 10:10:43	 327 	c1254 	3817 	 129 	 10110100 	 180 	 5586376 	 275	 114	 194	 164	 24	 220	 
2020-05-17 10:10:55	 659 	c1254 	3818 	 135 	 01111000 	 120 	 5721400 	 275	 114	 194	 165	 24	 220	 
2020-05-17 10:11:16	 753 	c1254 	3819 	 143 	 10110100 	 180 	 5953048 	 275	 115	 194	 165	 24	 221	 
2020-05-17 10:11:22	1063 	c1254 	3820 	 152 	 01111000 	 120 	 6021904 	 275	 115	 194	 166	 24	 221	 
2020-05-17 10:12:50	 391 	c1254 	3822 	 166 	 01110100 	 116 	 6982480 	 275	 115	 195	 166	 24	 222	 
2020-05-17 10:13:12	1029 	c1254 	3823 	 177 	 01111000 	 120 	 7230232 	 275	 115	 195	 167	 24	 222	 
2020-05-17 10:14:32	 337 	c1254 	3824 	 186 	 11110100 	 244 	 8102608 	 276	 115	 195	 167	 24	 222	 
2020-05-17 10:14:44	1054 	c1254 	3825 	 199 	 01111000 	 120 	 8241208 	 276	 115	 195	 168	 24	 222	 
2020-05-17 10:17:12	 746 	c1254 	3826 	 207 	 10110100 	 180 	 9864064 	 276	 116	 195	 168	 24	 223	 
2020-05-17 10:17:20	 874 	c1254 	3827 	 216 	 01111000 	 120 	 9953176 	 276	 116	 195	 169	 24	 223	 
2020-05-17 10:18:40	 746 	c1254 	3828 	 222 	 10110100 	 180 	 10830880 	 276	 117	 195	 169	 24	 224	 
2020-05-17 10:18:52	 720 	c1254 	3829 	 232 	 01111000 	 120 	 10962496 	 276	 117	 195	 170	 24	 224	 
2020-05-17 10:21:13	 560 	c1254 	3830 	 244 	 01110100 	 116 	 12510712 	 276	 117	 196	 170	 24	 225	 
2020-05-17 10:21:22	 825 	c1254 	3831 	 250 	 01111000 	 120 	 12612184 	 276	 117	 196	 171	 24	 225	 
2020-05-17 10:23:02	 619 	c1254 	3832 	 0 	 10110100 	 180 	 13709752 	 276	 118	 196	 171	 24	 226	 
2020-05-17 10:23:21	 639 	c1254 	3834 	 11 	 01111000 	 120 	 13918888 	 276	 118	 196	 172	 24	 226	 
2020-05-17 10:24:15	 300 	c1254 	3835 	 19 	 10110100 	 180 	 14509552 	 276	 119	 196	 172	 24	 227	 
2020-05-17 10:24:27	 698 	c1254 	3837 	 31 	 01111000 	 120 	 14645272 	 276	 119	 196	 173	 24	 227	 
2020-05-17 10:25:00	1003 	c1254 	3838 	 37 	 10110100 	 180 	 15011008 	 276	 120	 196	 173	 24	 228	 
2020-05-17 10:25:11	  38 	c1254 	3839 	 47 	 01111000 	 120 	 15122872 	 276	 120	 196	 174	 24	 228	 
2020-05-17 10:26:08	 220 	c1254 	3840 	 54 	 01110100 	 116 	 15751480 	 276	 120	 197	 174	 24	 229	 
2020-05-17 10:26:26	 652 	c1254 	3841 	 65 	 01111000 	 120 	 15953608 	 276	 120	 197	 175	 24	 229	 
2020-05-17 10:28:13	 469 	c1254 	3842 	 72 	 10110100 	 180 	 351744 	 276	 121	 197	 175	 24	 230	 
2020-05-17 10:28:34	 871 	c1254 	3843 	 78 	 01111000 	 120 	 586656 	 276	 121	 197	 176	 24	 230	 
2020-05-17 10:30:40	 664 	c1254 	3844 	 84 	 10110100 	 180 	 1971216 	 276	 122	 197	 176	 24	 231	 
2020-05-17 10:30:57	 926 	c1254 	3845 	 92 	 01111000 	 120 	 2160816 	 276	 122	 197	 177	 24	 231	 
2020-05-17 10:32:16	 270 	c1254 	3846 	 100 	 10110100 	 180 	 3024168 	 276	 123	 197	 177	 24	 232	 
2020-05-17 10:32:35	 817 	c1254 	3847 	 106 	 01111000 	 120 	 3238536 	 276	 123	 197	 178	 24	 232	 
2020-05-17 10:32:48	 540 	c1254 	3848 	 112 	 10110100 	 180 	 3379008 	 276	 124	 197	 178	 24	 233	 
2020-05-17 10:33:01	 982 	c1254 	3849 	 126 	 01111000 	 120 	 3526296 	 276	 124	 197	 179	 24	 233	 
2020-05-17 10:33:26	 978 	c1254 	3850 	 134 	 10110100 	 180 	 3801480 	 276	 125	 197	 179	 24	 234	 
2020-05-17 10:33:34	1066 	c1254	6174 bytes to file.
Date	 Hmsec	 CounterID	 EventID	 CounterMsgID	 Status(bin)	 Status(dec)	 Timer[s/12000]	 Unclear	 Entry	 LookIn	 Exit	 LookOut	 Visits
2020-05-17 10:33:53	 709 	c1254 	3851 	 142 	 01111000 	 120 	 4096224 	 276	 125	 197	 180	 24	 234	 
2020-05-17 10:34:38	 889 	c1254 	3853 	 154 	 10110100 	 180 	 4593336 	 276	 126	 197	 180	 24	 235	 
2020-05-17 10:35:27	  40 	c1254 	3854 	 162 	 10110100 	 180 	 5124696 	 276	 127	 197	 180	 24	 236	 
2020-05-17 10:35:43	 658 	c1254 	3855 	 168 	 01111000 	 120 	 5306712 	 276	 127	 197	 181	 24	 236	 
2020-05-17 10:35:50	 601 	c1254 	3856 	 178 	 01111000 	 120 	 5383248 	 276	 127	 197	 182	 24	 236	 
2020-05-17 10:37:10	 488 	c1254 	3858 	 188 	 10110100 	 180 	 6263136 	 276	 128	 197	 182	 24	 237	 
2020-05-17 10:37:28	 117 	c1254 	3859 	 196 	 01111000 	 120 	 6457824 	 276	 128	 197	 183	 24	 237	 
2020-05-17 10:37:58	  61 	c1254 	3860 	 204 	 10110100 	 180 	 6787656 	 276	 129	 197	 183	 24	 238	 
2020-05-17 10:38:13	 627 	c1254 	3861 	 214 	 10111000 	 184 	 6958272 	 276	 129	 197	 183	 25	 238	 
2020-05-17 10:38:16	 782 	c1254 	3862 	 220 	 10110100 	 180 	 6992784 	 276	 130	 197	 183	 25	 239	 
2020-05-17 10:38:26	 510 	c1254 	3863 	 233 	 01111000 	 120 	 7100376 	 276	 130	 197	 184	 25	 239	 
2020-05-17 10:39:32	 193 	c1254 	3864 	 245 	 10110100 	 180 	 7824144 	 276	 131	 197	 184	 25	 240	 
2020-05-17 10:39:47	  54 	c1254 	3865 	 255 	 01111000 	 120 	 7988040 	 276	 131	 197	 185	 25	 240	 
2020-05-17 10:40:53	 112 	c1254 	3866 	 11 	 01110100 	 116 	 8715576 	 276	 131	 198	 185	 25	 241	 
2020-05-17 10:40:59	 266 	c1254 	3867 	 21 	 01111000 	 120 	 8783136 	 276	 131	 198	 186	 25	 241	 
2020-05-17 10:42:04	 115 	c1254 	3868 	 27 	 10110100 	 180 	 9497832 	 276	 132	 198	 186	 25	 242	 
2020-05-17 10:42:05	 224 	c1254 	3869 	 33 	 10110100 	 180 	 9509880 	 276	 133	 198	 186	 25	 243	 
2020-05-17 10:42:13	 438 	c1254 	3870 	 39 	 01111000 	 120 	 9600096 	 276	 133	 198	 187	 25	 243	 
2020-05-17 10:42:22	 236 	c1254 	3871 	 45 	 01111000 	 120 	 9697392 	 276	 133	 198	 188	 25	 243	 
2020-05-17 10:42:25	 322 	c1254 	3872 	 51 	 10110100 	 180 	 9731280 	 276	 134	 198	 188	 25	 244	 
2020-05-17 10:42:43	1071 	c1254 	3873 	 61 	 01111000 	 120 	 9936768 	 276	 134	 198	 189	 25	 244	 
2020-05-17 10:43:42	 983 	c1254 	3874 	 69 	 10110100 	 180 	 10586208 	 276	 135	 198	 189	 25	 245	 
2020-05-17 10:43:55	 215 	c1254 	3875 	 75 	 01111000 	 120 	 10722240 	 276	 135	 198	 190	 25	 245	 
2020-05-17 10:47:58	1041 	c1254 	3876 	 83 	 10110100 	 180 	 13408320 	 276	 136	 198	 190	 25	 246	 
2020-05-17 10:49:33	1018 	c1254 	3877 	 89 	 01111000 	 120 	 14455296 	 276	 136	 198	 191	 25	 246	 
2020-05-17 10:52:23	 815 	c1254 	3878 	 95 	 01110100 	 116 	 16327440 	 276	 136	 199	 191	 25	 247	 
2020-05-17 10:53:17	 953 	c1254 	3879 	 100 	 10101000 	 168 	 146888 	 277	 136	 199	 191	 25	 247	 
2020-05-17 14:23:12	1021 	c1254 	3881 	 106 	 10101000 	 168 	 5186616 	 278	 136	 199	 191	 25	 247	 
2020-05-17 14:23:13	 811 	c1254 	3882 	 110 	 10101000 	 168 	 5195736 	 279	 136	 199	 191	 25	 247	 
2020-05-17 14:23:40	 626 	c1254	3110 bytes to file.
