Date	 Hmsec	 CounterID	 EventID	 CounterMsgID	 Status(bin)	 Status(dec)	 Timer[s/12000]	 Unclear	 Entry	 LookIn	 Exit	 LookOut	 Visits
2020-05-14 18:55:19	 566 	c1254 	3164 	 249 	 10111000 	 184 	 1396456 	 95	 19	 58	 39	 3	 51	 
2020-05-15 03:15:48	 824 	c1254	257 bytes to file.
Date	 Hmsec	 CounterID	 EventID	 CounterMsgID	 Status(bin)	 Status(dec)	 Timer[s/12000]	 Unclear	 Entry	 LookIn	 Exit	 LookOut	 Visits
2020-05-15 10:20:59	1074 	c1254 	3165 	 253 	 10101000 	 168 	 12807856 	 96	 19	 58	 39	 3	 51	 
2020-05-15 10:21:00	 947 	c1254 	3166 	 1 	 10101000 	 168 	 12817672 	 97	 19	 58	 39	 3	 51	 
2020-05-15 10:21:01	 347 	c1254 	3167 	 5 	 10101000 	 168 	 12823000 	 98	 19	 58	 39	 3	 51	 
2020-05-15 10:21:03	 207 	c1254 	3168 	 9 	 01010100 	 84 	 12843736 	 99	 19	 58	 39	 3	 51	 
2020-05-15 10:21:19	 818 	c1254 	3169 	 13 	 01010100 	 84 	 13025992 	 100	 19	 58	 39	 3	 51	 
2020-05-15 10:21:20	 926 	c1254 	3170 	 19 	 01110100 	 116 	 13038040 	 100	 19	 59	 39	 3	 52	 
2020-05-15 10:30:11	  59 	c1254 	3171 	 24 	 01010100 	 84 	 2103912 	 101	 19	 59	 39	 3	 52	 
2020-05-15 10:30:24	1146 	c1254 	3172 	 28 	 01010100 	 84 	 2257392 	 102	 19	 59	 39	 3	 52	 
2020-05-15 10:30:29	  30 	c1254 	3173 	 32 	 01010100 	 84 	 2301864 	 103	 19	 59	 39	 3	 52	 
2020-05-15 10:30:30	 612 	c1254 	3174 	 36 	 01010100 	 84 	 2318400 	 104	 19	 59	 39	 3	 52	 
2020-05-15 10:30:53	 440 	c1254 	3175 	 40 	 01010100 	 84 	 2570064 	 105	 19	 59	 39	 3	 52	 
2020-05-15 10:30:57	 980 	c1254 	3176 	 44 	 01010100 	 84 	 2619240 	 106	 19	 59	 39	 3	 52	 
2020-05-15 10:31:02	 403 	c1254 	3177 	 48 	 01010100 	 84 	 2668824 	 107	 19	 59	 39	 3	 52	 
2020-05-15 10:31:03	 742 	c1254 	3178 	 52 	 01010100 	 84 	 2683056 	 108	 19	 59	 39	 3	 52	 
2020-05-15 10:31:05	 396 	c1254 	3179 	 58 	 01110100 	 116 	 2701800 	 108	 19	 60	 39	 3	 53	 
2020-05-15 10:31:06	 349 	c1254 	3180 	 62 	 01010100 	 84 	 2712360 	 109	 19	 60	 39	 3	 53	 
2020-05-15 10:31:07	1048 	c1254 	3181 	 68 	 01110100 	 116 	 2730000 	 109	 19	 61	 39	 3	 53	 
2020-05-15 10:31:08	 897 	c1254 	3182 	 72 	 01010100 	 84 	 2739576 	 110	 19	 61	 39	 3	 53	 
2020-05-15 10:31:12	 539 	c1254 	3183 	 78 	 01110100 	 116 	 2780232 	 110	 19	 62	 39	 3	 53	 
2020-05-15 10:31:13	 443 	c1254 	3184 	 82 	 01010100 	 84 	 2790336 	 111	 19	 62	 39	 3	 53	 
2020-05-15 10:31:16	 170 	c1254 	3185 	 90 	 01110100 	 116 	 2820792 	 111	 19	 63	 39	 3	 53	 
2020-05-15 10:31:17	 875 	c1254 	3186 	 96 	 01110100 	 116 	 2838504 	 111	 19	 64	 39	 3	 53	 
2020-05-15 10:31:21	 131 	c1254 	3187 	 102 	 01110100 	 116 	 2875488 	 111	 19	 65	 39	 3	 53	 
2020-05-15 10:31:22	 760 	c1254 	3189 	 110 	 01110100 	 116 	 2892480 	 111	 19	 66	 39	 3	 53	 
2020-05-15 10:31:26	 256 	c1254 	3190 	 116 	 01110100 	 116 	 2931744 	 111	 19	 67	 39	 3	 53	 
2020-05-15 10:31:27	 431 	c1254 	3191 	 120 	 01010100 	 84 	 2944416 	 112	 19	 67	 39	 3	 53	 
2020-05-15 10:31:28	 323 	c1254 	3192 	 124 	 01010100 	 84 	 2954400 	 113	 19	 67	 39	 3	 53	 
2020-05-15 10:31:29	 411 	c1254 	3193 	 130 	 01110100 	 116 	 2966256 	 113	 19	 68	 39	 3	 53	 
2020-05-15 10:31:30	 895 	c1254 	3194 	 134 	 01010100 	 84 	 2981856 	 114	 19	 68	 39	 3	 53	 
2020-05-15 10:31:33	 903 	c1254 	3197 	 149 	 10110100 	 180 	 3014976 	 114	 20	 68	 39	 3	 53	 
2020-05-15 10:31:53	 514 	c1254 	3198 	 155 	 01111000 	 120 	 3231456 	 114	 20	 68	 40	 3	 53	 
2020-05-15 10:34:31	 428 	c1254 	3199 	 159 	 01010100 	 84 	 4970208 	 115	 20	 68	 40	 3	 53	 
2020-05-15 10:34:32	 598 	c1254 	3200 	 163 	 01010100 	 84 	 4982832 	 116	 20	 68	 40	 3	 53	 
2020-05-15 10:34:34	  28 	c1254 	3201 	 167 	 01010100 	 84 	 4999440 	 117	 20	 68	 40	 3	 53	 
2020-05-15 10:34:34	1037 	c1254 	3202 	 171 	 01010100 	 84 	 5009016 	 118	 20	 68	 40	 3	 53	 
2020-05-15 10:34:36	 232 	c1254 	3203 	 175 	 01010100 	 84 	 5023392 	 119	 20	 68	 40	 3	 53	 
2020-05-15 10:34:38	 170 	c1254 	3205 	 181 	 01010100 	 84 	 5044824 	 120	 20	 68	 40	 3	 53	 
2020-05-15 10:34:40	1078 	c1254 	3206 	 185 	 01010100 	 84 	 5075448 	 121	 20	 68	 40	 3	 53	 
2020-05-15 10:34:44	 601 	c1254 	3207 	 189 	 01010100 	 84 	 5114952 	 122	 20	 68	 40	 3	 53	 
2020-05-15 10:34:45	 942 	c1254 	3208 	 193 	 01010100 	 84 	 5129184 	 123	 20	 68	 40	 3	 53	 
2020-05-15 10:34:47	 506 	c1254 	3209 	 197 	 01010100 	 84 	 5147064 	 124	 20	 68	 40	 3	 53	 
2020-05-15 10:34:48	 370 	c1254 	3211 	 205 	 01110100 	 116 	 5156784 	 124	 20	 69	 40	 3	 54	 
2020-05-15 10:34:49	 545 	c1254 	3212 	 211 	 01110100 	 116 	 5169456 	 124	 20	 70	 40	 3	 54	 
2020-05-15 10:34:50	 895 	c1254 	3213 	 215 	 01010100 	 84 	 5183784 	 125	 20	 70	 40	 3	 54	 
2020-05-15 10:34:53	 281 	c1254 	3214 	 221 	 01110100 	 116 	 5210976 	 125	 20	 71	 40	 3	 54	 
2020-05-15 10:34:54	 183 	c1254 	3215 	 227 	 01110100 	 116 	 5221056 	 125	 20	 72	 40	 3	 54	 
2020-05-15 10:34:57	 168 	c1254 	3216 	 231 	 01010100 	 84 	 5253936 	 126	 20	 72	 40	 3	 54	 
2020-05-15 10:34:57	 737 	c1254 	3217 	 235 	 01010100 	 84 	 5259336 	 127	 20	 72	 40	 3	 54	 
2020-05-15 10:35:00	 334 	c1254 	3219 	 245 	 01110100 	 116 	 5288544 	 127	 20	 73	 40	 3	 54	 
2020-05-15 10:35:01	 443 	c1254 	3221 	 1 	 01110100 	 116 	 5300592 	 127	 20	 74	 40	 3	 54	 
2020-05-15 10:35:03	 890 	c1254 	3223 	 9 	 01110100 	 116 	 5326872 	 127	 20	 75	 40	 3	 54	 
2020-05-15 10:35:21	1037 	c1254 	3224 	 18 	 01111000 	 120 	 5526408 	 127	 20	 75	 41	 3	 54	 
2020-05-15 10:39:21	1060 	c1254 	3225 	 22 	 01010100 	 84 	 8167848 	 128	 20	 75	 41	 3	 54	 
2020-05-15 10:39:22	 879 	c1254 	3226 	 28 	 01110100 	 116 	 8177136 	 128	 20	 76	 41	 3	 55	 
2020-05-15 10:39:23	 658 	c1254 	3227 	 32 	 01010100 	 84 	 8186040 	 129	 20	 76	 41	 3	 55	 
2020-05-15 10:39:25	 447 	c1254 	3229 	 40 	 01110100 	 116 	 8206056 	 129	 20	 77	 41	 3	 55	 
2020-05-15 10:39:26	1103 	c1254 	3230 	 46 	 01110100 	 116 	 8223288 	 129	 20	 78	 41	 3	 55	 
2020-05-15 10:39:28	 349 	c1254 	3231 	 50 	 01010100 	 84 	 8238144 	 130	 20	 78	 41	 3	 55	 
2020-05-15 10:39:29	  75 	c1254 	3232 	 54 	 01010100 	 84 	 8246544 	 131	 20	 78	 41	 3	 55	 
2020-05-15 10:39:30	 690 	c1254 	3233 	 62 	 01110100 	 116 	 8263392 	 131	 20	 79	 41	 3	 55	 
2020-05-15 10:39:31	 782 	c1254 	3234 	 70 	 01110100 	 116 	 8275272 	 131	 20	 80	 41	 3	 55	 
2020-05-15 10:39:32	 879 	c1254 	3235 	 78 	 01110100 	 116 	 8287200 	 131	 20	 81	 41	 3	 55	 
2020-05-15 10:39:35	 437 	c1254 	3236 	 84 	 01110100 	 116 	 8316024 	 131	 20	 82	 41	 3	 55	 
2020-05-15 10:39:37	 967 	c1254 	3237 	 93 	 10110100 	 180 	 8343072 	 131	 21	 82	 41	 3	 55	 
2020-05-15 10:39:47	 582 	c1254 	3238 	 101 	 01111000 	 120 	 8449464 	 131	 21	 82	 42	 3	 55	 
2020-05-15 10:50:51	 283 	c1254 	3239 	 105 	 01010100 	 84 	 15748896 	 132	 21	 82	 42	 3	 55	 
2020-05-15 10:50:53	  78 	c1254 	3240 	 109 	 01010100 	 84 	 15768936 	 133	 21	 82	 42	 3	 55	 
2020-05-15 10:50:53	1045 	c1254 	3241 	 117 	 01110100 	 116 	 15778104 	 133	 21	 83	 42	 3	 56	 
2020-05-15 10:50:54	 844 	c1254 	3242 	 123 	 01110100 	 116 	 15787200 	 133	 21	 84	 42	 3	 56	 
2020-05-15 10:50:57	  41 	c1254 	3243 	 129 	 01110100 	 116 	 15812592 	 133	 21	 85	 42	 3	 56	 
2020-05-15 10:50:59	 261 	c1254 	3244 	 133 	 01010100 	 84 	 15836664 	 134	 21	 85	 42	 3	 56	 
2020-05-15 10:51:01	 441 	c1254 	3245 	 142 	 11110100 	 244 	 15860376 	 135	 21	 85	 42	 3	 56	 
2020-05-15 10:51:20	1112 	c1254 	3246 	 153 	 10111000 	 184 	 16075632 	 135	 21	 85	 42	 4	 56	 
2020-05-15 10:52:42	 774 	c1254 	3247 	 161 	 01110100 	 116 	 196928 	 135	 21	 86	 42	 4	 57	 
2020-05-15 10:52:43	1070 	c1254 	3248 	 167 	 01110100 	 116 	 210752 	 135	 21	 87	 42	 4	 57	 
2020-05-15 10:52:45	 848 	c1254 	3249 	 177 	 01110100 	 116 	 230648 	 135	 21	 88	 42	 4	 57	 
2020-05-15 10:53:02	 164 	c1254 	3250 	 190 	 01111000 	 120 	 411152 	 135	 21	 88	 43	 4	 57	 
2020-05-15 10:54:46	  84 	c1254 	3251 	 196 	 01110100 	 116 	 1554344 	 135	 21	 89	 43	 4	 58	 
2020-05-15 10:54:49	1100 	c1254 	3252 	 204 	 01110100 	 116 	 1596992 	 135	 21	 90	 43	 4	 58	 
2020-05-15 10:54:57	 449 	c1254 	3253 	 220 	 01111000 	 120 	 1678832 	 135	 21	 90	 44	 4	 58	 
2020-05-15 10:57:03	 643 	c1254 	3254 	 226 	 01110100 	 116 	 3066584 	 135	 21	 91	 44	 4	 59	 
2020-05-15 10:57:06	 332 	c1254 	3255 	 234 	 01110100 	 116 	 3096632 	 135	 21	 92	 44	 4	 59	 
2020-05-15 10:57:17	 363 	c1254 	3256 	 247 	 01111000 	 120 	 3217880 	 135	 21	 92	 45	 4	 59	 
2020-05-15 11:00:28	 181 	c1254 	3258 	 253 	 01010100 	 84 	 5317040 	 136	 21	 92	 45	 4	 59	 
2020-05-15 11:00:29	 317 	c1254 	3259 	 1 	 01010100 	 84 	 5329328 	 137	 21	 92	 45	 4	 59	 
2020-05-15 11:00:31	 783 	c1254 	3260 	 5 	 01010100 	 84 	 5355752 	 138	 21	 92	 45	 4	 59	 
2020-05-15 11:00:35	 193 	c1254 	3261 	 9 	 01010100 	 84 	 5394152 	 139	 21	 92	 45	 4	 59	 
2020-05-15 11:00:38	 469 	c1254 	3262 	 15 	 01110100 	 116 	 5429768 	 139	 21	 93	 45	 4	 60	 
2020-05-15 11:00:39	 205 	c1254 	3263 	 21 	 01110100 	 116 	 5438264 	 139	 21	 94	 45	 4	 60	 
2020-05-15 11:00:39	1124 	c1254 	3264 	 25 	 01010100 	 84 	 5446976 	 140	 21	 94	 45	 4	 60	 
2020-05-15 11:00:41	 570 	c1254 	3265 	 31 	 01110100 	 116 	 5463728 	 140	 21	 95	 45	 4	 60	 
2020-05-15 11:00:42	 415 	c1254 	3266 	 35 	 01010100 	 84 	 5473256 	 141	 21	 95	 45	 4	 60	 
2020-05-15 11:00:44	 567 	c1254 	3267 	 41 	 01110100 	 116 	 5496704 	 141	 21	 96	 45	 4	 60	 
2020-05-15 11:00:46	1099 	c1254 	3268 	 47 	 01110100 	 116 	 5523752 	 141	 21	 97	 45	 4	 60	 
2020-05-15 11:00:49	 588 	c1254 	3269 	 53 	 01110100 	 116 	 5551904 	 141	 21	 98	 45	 4	 60	 
2020-05-15 11:00:52	 556 	c1254 	3270 	 57 	 01010100 	 84 	 5584592 	 142	 21	 98	 45	 4	 60	 
2020-05-15 11:01:01	 934 	c1254	9380 bytes to file.
Date	 Hmsec	 CounterID	 EventID	 CounterMsgID	 Status(bin)	 Status(dec)	 Timer[s/12000]	 Unclear	 Entry	 LookIn	 Exit	 LookOut	 Visits
2020-05-15 11:01:02	 434 	c1254 	3271 	 61 	 01010100 	 84 	 5670656 	 143	 21	 99	 45	 4	 61	 
2020-05-15 11:01:04	1102 	c1254 	3272 	 71 	 01010100 	 84 	 5721752 	 144	 21	 99	 45	 4	 61	 
2020-05-15 11:01:05	1054 	c1254 	3273 	 77 	 01110100 	 116 	 5732288 	 144	 21	 100	 45	 4	 61	 
2020-05-15 11:01:10	1119 	c1254 	3274 	 83 	 01110100 	 116 	 5787896 	 144	 21	 101	 45	 4	 61	 
2020-05-15 11:01:14	 738 	c1254 	3275 	 89 	 01110100 	 116 	 5828288 	 144	 21	 102	 45	 4	 61	 
2020-05-15 11:01:16	 995 	c1254 	3276 	 93 	 01010100 	 84 	 5852720 	 145	 21	 102	 45	 4	 61	 
2020-05-15 11:01:19	1075 	c1254 	3277 	 99 	 01110100 	 116 	 5886488 	 145	 21	 103	 45	 4	 61	 
2020-05-15 11:01:22	1135 	c1254 	3278 	 105 	 01110100 	 116 	 5920064 	 145	 21	 104	 45	 4	 61	 
2020-05-15 11:05:16	 952 	c1254 	3279 	 112 	 10111000 	 184 	 8492792 	 145	 21	 104	 45	 5	 61	 
2020-05-15 11:05:18	 623 	c1254 	3280 	 118 	 01111000 	 120 	 8511680 	 145	 21	 104	 46	 5	 61	 
2020-05-15 11:05:26	 483 	c1254 	3281 	 130 	 01111000 	 120 	 8598392 	 145	 21	 104	 47	 5	 61	 
2020-05-15 11:06:40	 328 	c1254 	3282 	 140 	 10110100 	 180 	 9411056 	 145	 22	 104	 47	 5	 62	 
2020-05-15 11:07:28	 630 	c1254 	3283 	 146 	 01111000 	 120 	 9942272 	 145	 22	 104	 48	 5	 62	 
2020-05-15 11:07:32	 217 	c1254 	3284 	 154 	 10110100 	 180 	 9982376 	 145	 23	 104	 48	 5	 63	 
2020-05-15 11:07:47	 349 	c1254 	3285 	 164 	 01111000 	 120 	 10148720 	 145	 23	 104	 49	 5	 63	 
2020-05-15 11:08:46	1040 	c1254 	3286 	 172 	 10110100 	 180 	 10804736 	 145	 24	 104	 49	 5	 64	 
2020-05-15 11:09:08	 899 	c1254 	3287 	 180 	 01111000 	 120 	 11045576 	 145	 24	 104	 50	 5	 64	 
2020-05-15 11:09:36	1120 	c1254 	3288 	 186 	 10110100 	 180 	 11355944 	 145	 25	 104	 50	 5	 65	 
2020-05-15 11:09:41	1082 	c1254 	3289 	 198 	 01111000 	 120 	 11410640 	 145	 25	 104	 51	 5	 65	 
2020-05-15 11:10:39	 219 	c1254 	3290 	 204 	 10110100 	 180 	 12041240 	 145	 26	 104	 51	 5	 66	 
2020-05-15 11:10:46	 217 	c1254 	3291 	 210 	 01110100 	 116 	 12118328 	 145	 26	 105	 51	 5	 67	 
2020-05-15 11:11:06	 545 	c1254 	3293 	 221 	 01110100 	 116 	 12341768 	 145	 26	 106	 51	 5	 68	 
2020-05-15 11:11:15	 633 	c1254 	3296 	 234 	 01111000 	 120 	 12441752 	 145	 26	 106	 52	 5	 68	 
2020-05-15 11:11:44	1073 	c1254 	3297 	 242 	 10110100 	 180 	 12765344 	 145	 27	 106	 52	 5	 69	 
2020-05-15 11:11:55	 339 	c1254 	3298 	 250 	 01111000 	 120 	 12879488 	 145	 27	 106	 53	 5	 69	 
2020-05-15 11:12:11	  32 	c1254 	3300 	 4 	 01110100 	 116 	 13052768 	 145	 27	 107	 53	 5	 70	 
2020-05-15 11:12:19	 185 	c1254 	3301 	 21 	 11111000 	 248 	 13142336 	 146	 27	 107	 53	 5	 70	 
2020-05-15 11:12:48	 127 	c1254 	3302 	 27 	 11110100 	 244 	 13461200 	 147	 27	 107	 53	 5	 70	 
2020-05-15 11:14:03	1030 	c1254 	3303 	 33 	 01111000 	 120 	 14295872 	 147	 27	 107	 54	 5	 70	 
2020-05-15 11:14:57	 878 	c1254 	3305 	 40 	 11110100 	 244 	 14889056 	 148	 27	 107	 54	 5	 70	 
2020-05-15 11:15:07	 245 	c1254 	3306 	 46 	 01111000 	 120 	 14993144 	 148	 27	 107	 55	 5	 70	 
2020-05-15 11:15:45	 227 	c1254 	3308 	 54 	 01110100 	 116 	 15411344 	 148	 27	 108	 55	 5	 71	 
2020-05-15 11:15:46	1143 	c1254 	3309 	 62 	 01110100 	 116 	 15431048 	 148	 27	 109	 55	 5	 71	 
2020-05-15 11:16:00	 588 	c1254 	3310 	 68 	 11111000 	 248 	 15579920 	 149	 27	 109	 55	 5	 71	 
2020-05-15 11:16:02	 767 	c1254 	3311 	 74 	 10110100 	 180 	 15603632 	 149	 28	 109	 55	 5	 72	 
2020-05-15 11:16:11	 239 	c1254 	3312 	 82 	 01111000 	 120 	 15697664 	 149	 28	 109	 56	 5	 72	 
2020-05-15 11:17:12	 297 	c1254 	3314 	 92 	 10110100 	 180 	 16369952 	 149	 29	 109	 56	 5	 73	 
2020-05-15 11:17:30	  12 	c1254 	3315 	 106 	 01111000 	 120 	 16565456 	 149	 29	 109	 57	 5	 73	 
2020-05-15 11:17:48	 291 	c1254 	3316 	 114 	 10110100 	 180 	 16766360 	 149	 30	 109	 57	 5	 74	 
2020-05-15 11:17:56	 159 	c1254 	3317 	 120 	 01111000 	 120 	 76000 	 149	 30	 109	 58	 5	 74	 
2020-05-15 11:18:28	 895 	c1254 	3318 	 130 	 01110100 	 116 	 435424 	 149	 30	 110	 58	 5	 75	 
2020-05-15 11:18:38	 564 	c1254 	3319 	 136 	 01111000 	 120 	 542440 	 149	 30	 110	 59	 5	 75	 
2020-05-15 11:18:49	 894 	c1254 	3320 	 144 	 10110100 	 180 	 666736 	 149	 31	 110	 59	 5	 76	 
2020-05-15 11:18:57	 624 	c1254 	3321 	 150 	 01111000 	 120 	 752296 	 149	 31	 110	 60	 5	 76	 
2020-05-15 11:19:08	  88 	c1254 	3323 	 164 	 10110100 	 180 	 868384 	 149	 32	 110	 60	 5	 77	 
2020-05-15 11:19:26	 612 	c1254 	3324 	 172 	 01111000 	 120 	 1071640 	 149	 32	 110	 61	 5	 77	 
2020-05-15 11:19:32	1098 	c1254 	3325 	 178 	 10110100 	 180 	 1142368 	 149	 33	 110	 61	 5	 78	 
2020-05-15 11:19:38	 320 	c1254 	3326 	 189 	 01111000 	 120 	 1201072 	 149	 33	 110	 62	 5	 78	 
2020-05-15 11:21:36	 983 	c1254 	3327 	 197 	 10110100 	 180 	 2507392 	 149	 34	 110	 62	 5	 79	 
2020-05-15 11:21:59	1119 	c1254 	3328 	 205 	 01110100 	 116 	 2762104 	 149	 34	 111	 62	 5	 80	 
2020-05-15 11:22:11	 230 	c1254 	3331 	 229 	 01111000 	 120 	 2885848 	 149	 34	 111	 63	 5	 80	 
2020-05-15 11:24:10	  76 	c1254 	3332 	 235 	 01110100 	 116 	 4195864 	 149	 34	 112	 63	 5	 81	 
2020-05-15 11:24:11	 189 	c1254 	3333 	 241 	 01110100 	 116 	 4207960 	 149	 34	 113	 63	 5	 81	 
2020-05-15 11:26:29	1043 	c1254 	3334 	 252 	 01111000 	 120 	 5737384 	 149	 34	 113	 64	 5	 81	 
2020-05-15 11:31:58	 799 	c1254 	3335 	 2 	 01110100 	 116 	 9362128 	 149	 34	 114	 64	 5	 82	 
2020-05-15 11:33:53	 786 	c1254 	3336 	 23 	 01111000 	 120 	 10629400 	 149	 34	 114	 65	 5	 82	 
2020-05-15 11:36:54	 151 	c1254 	3337 	 31 	 01110100 	 116 	 12618064 	 149	 34	 115	 65	 5	 83	 
2020-05-15 11:36:56	 216 	c1254 	3339 	 39 	 10110100 	 180 	 12640744 	 149	 35	 115	 65	 5	 83	 
2020-05-15 11:37:16	 105 	c1254 	3340 	 49 	 11111000 	 248 	 12860008 	 150	 35	 115	 65	 5	 83	 
2020-05-15 11:37:20	 800 	c1254 	3343 	 61 	 10110100 	 180 	 12910672 	 150	 36	 115	 65	 5	 84	 
2020-05-15 11:37:28	1044 	c1254	6032 bytes to file.
Date	 Hmsec	 CounterID	 EventID	 CounterMsgID	 Status(bin)	 Status(dec)	 Timer[s/12000]	 Unclear	 Entry	 LookIn	 Exit	 LookOut	 Visits
2020-05-15 11:38:39	 899 	c1254 	3344 	 67 	 01111000 	 120 	 13782112 	 150	 36	 115	 66	 5	 84	 
2020-05-15 11:39:02	 520 	c1254 	3345 	 75 	 10110100 	 180 	 14031976 	 150	 37	 115	 66	 5	 85	 
2020-05-15 11:39:12	 517 	c1254 	3346 	 83 	 10111000 	 184 	 14142136 	 150	 37	 115	 66	 6	 85	 
2020-05-15 11:42:51	 397 	c1254 	3347 	 93 	 01110100 	 116 	 16552672 	 150	 37	 116	 66	 6	 86	 
2020-05-15 11:43:03	 707 	c1254 	3348 	 104 	 01111000 	 120 	 16687744 	 150	 37	 116	 67	 6	 86	 
2020-05-15 11:45:05	 683 	c1254 	3349 	 112 	 01110100 	 116 	 1253664 	 150	 37	 117	 67	 6	 87	 
2020-05-15 11:45:13	 120 	c1254 	3350 	 122 	 01111000 	 120 	 1336440 	 150	 37	 117	 68	 6	 87	 
2020-05-15 11:48:26	  57 	c1254 	3351 	 130 	 10110100 	 180 	 3461808 	 150	 38	 117	 68	 6	 88	 
2020-05-15 11:50:32	  36 	c1254 	3352 	 136 	 01111000 	 120 	 4849776 	 150	 38	 117	 69	 6	 88	 
2020-05-15 11:51:40	 252 	c1254 	3354 	 152 	 10110100 	 180 	 5600904 	 150	 39	 117	 69	 6	 89	 
2020-05-15 11:53:25	 381 	c1254 	3355 	 158 	 01111000 	 120 	 6759288 	 150	 39	 117	 70	 6	 89	 
2020-05-15 11:54:26	 969 	c1254 	3356 	 168 	 10110100 	 180 	 7436928 	 150	 40	 117	 70	 6	 90	 
2020-05-15 11:54:38	 312 	c1254 	3357 	 176 	 01111000 	 120 	 7562928 	 150	 40	 117	 71	 6	 90	 
2020-05-15 11:55:19	 217 	c1254 	3358 	 182 	 10110100 	 180 	 8013936 	 150	 41	 117	 71	 6	 91	 
2020-05-15 11:55:25	 801 	c1254 	3359 	 193 	 01111000 	 120 	 8085600 	 150	 41	 117	 72	 6	 91	 
2020-05-15 11:55:56	1143 	c1254 	3360 	 203 	 10110100 	 180 	 8430480 	 150	 42	 117	 72	 6	 92	 
2020-05-15 11:55:57	1142 	c1254 	3361 	 209 	 01110100 	 116 	 8441496 	 150	 42	 118	 72	 6	 93	 
2020-05-15 11:56:00	 139 	c1254 	3362 	 219 	 01111000 	 120 	 8465040 	 150	 42	 118	 73	 6	 93	 
2020-05-15 11:56:10	 670 	c1254 	3363 	 230 	 11111000 	 248 	 8580312 	 151	 42	 118	 73	 6	 93	 
2020-05-15 11:56:19	 808 	c1254 	3364 	 238 	 10110100 	 180 	 8680824 	 151	 43	 118	 73	 6	 94	 
2020-05-15 11:56:25	 345 	c1254 	3365 	 246 	 01111000 	 120 	 8742576 	 151	 43	 118	 74	 6	 94	 
2020-05-15 11:57:00	 441 	c1254 	3366 	 252 	 10110100 	 180 	 9129288 	 151	 44	 118	 74	 6	 95	 
2020-05-15 11:57:03	 980 	c1254 	3367 	 2 	 01111000 	 120 	 9167472 	 151	 44	 118	 75	 6	 95	 
2020-05-15 11:57:06	 944 	c1254 	3368 	 8 	 10110100 	 180 	 9200208 	 151	 45	 118	 75	 6	 96	 
2020-05-15 11:57:14	 692 	c1254 	3369 	 18 	 01111000 	 120 	 9286008 	 151	 45	 118	 76	 6	 96	 
2020-05-15 11:57:24	 117 	c1254 	3370 	 24 	 10110100 	 180 	 9390792 	 151	 46	 118	 76	 6	 97	 
2020-05-15 11:57:27	1120 	c1254 	3371 	 32 	 01111000 	 120 	 9433392 	 151	 46	 118	 77	 6	 97	 
2020-05-15 11:57:46	 978 	c1254 	3372 	 40 	 10110100 	 180 	 9641520 	 151	 47	 118	 77	 6	 98	 
2020-05-15 11:57:55	  73 	c1254 	3373 	 49 	 01111000 	 120 	 9732144 	 151	 47	 118	 78	 6	 98	 
2020-05-15 11:58:22	 591 	c1254 	3374 	 59 	 10110100 	 180 	 10034736 	 151	 48	 118	 78	 6	 99	 
2020-05-15 11:58:33	 444 	c1254 	3375 	 69 	 01111000 	 120 	 10154640 	 151	 48	 118	 79	 6	 99	 
2020-05-15 11:58:50	 597 	c1254 	3377 	 77 	 10110100 	 180 	 10343544 	 151	 49	 118	 79	 6	 100	 
2020-05-15 11:58:54	 460 	c1254 	3378 	 87 	 01111000 	 120 	 10386360 	 151	 49	 118	 80	 6	 100	 
2020-05-15 11:59:02	 591 	c1254 	3379 	 93 	 01110100 	 116 	 10475808 	 151	 49	 119	 80	 6	 101	 
2020-05-15 11:59:05	 973 	c1254 	3380 	 99 	 01111000 	 120 	 10512504 	 151	 49	 119	 81	 6	 101	 
2020-05-15 11:59:43	 156 	c1254 	3381 	 111 	 01110100 	 116 	 10923816 	 151	 49	 120	 81	 6	 102	 
2020-05-15 11:59:47	 867 	c1254 	3382 	 121 	 01110100 	 116 	 10974696 	 151	 49	 121	 81	 6	 102	 
2020-05-15 11:59:49	 192 	c1254 	3384 	 131 	 01111000 	 120 	 10990344 	 151	 49	 121	 82	 6	 102	 
2020-05-15 12:00:03	  28 	c1254 	3386 	 139 	 01111000 	 120 	 11143176 	 151	 49	 121	 83	 6	 102	 
2020-05-15 12:00:05	 512 	c1254 	3387 	 147 	 01110100 	 116 	 11169840 	 151	 49	 122	 83	 6	 103	 
2020-05-15 12:00:31	 381 	c1254 	3388 	 160 	 01111000 	 120 	 11455344 	 151	 49	 122	 84	 6	 103	 
2020-05-15 12:01:27	 776 	c1254 	3389 	 164 	 01010100 	 84 	 12076704 	 152	 49	 122	 84	 6	 103	 
2020-05-15 12:01:38	  99 	c1254 	3390 	 170 	 01110100 	 116 	 12191568 	 152	 49	 123	 84	 6	 104	 
2020-05-15 12:05:33	 252 	c1254 	3391 	 177 	 10111000 	 184 	 14783640 	 152	 49	 123	 84	 7	 104	 
2020-05-15 12:05:36	 167 	c1254 	3392 	 185 	 10110100 	 180 	 14815920 	 152	 50	 123	 84	 7	 105	 
2020-05-15 12:05:37	 118 	c1254 	3393 	 191 	 01111000 	 120 	 14826480 	 152	 50	 123	 85	 7	 105	 
2020-05-15 12:05:54	 444 	c1254 	3394 	 197 	 01110100 	 116 	 15017088 	 152	 50	 124	 85	 7	 106	 
2020-05-15 12:27:04	 363 	c1254 	3395 	 204 	 10110100 	 180 	 12245456 	 152	 51	 124	 85	 7	 107	 
2020-05-15 12:27:36	 379 	c1254 	3396 	 208 	 10101000 	 168 	 12598448 	 153	 51	 124	 85	 7	 107	 
2020-05-15 12:27:42	 554 	c1254 	3397 	 214 	 01111000 	 120 	 12666272 	 153	 51	 124	 86	 7	 107	 
2020-05-15 12:29:51	 954 	c1254 	3398 	 220 	 10110100 	 180 	 14092304 	 153	 52	 124	 86	 7	 108	 
2020-05-15 12:30:02	 605 	c1254 	3399 	 228 	 01111000 	 120 	 14210288 	 153	 52	 124	 87	 7	 108	 
2020-05-15 12:40:54	 929 	c1254 	3400 	 234 	 10110100 	 180 	 4627024 	 153	 53	 124	 87	 7	 109	 
2020-05-15 12:41:10	 907 	c1254 	3402 	 246 	 01111000 	 120 	 4803352 	 153	 53	 124	 88	 7	 109	 
2020-05-15 12:51:33	 256 	c1254 	3403 	 252 	 10110100 	 180 	 11675752 	 153	 54	 124	 88	 7	 110	 
2020-05-15 12:51:47	 294 	c1254 	3404 	 7 	 01110100 	 116 	 11830792 	 153	 54	 125	 88	 7	 111	 
2020-05-15 12:52:45	  17 	c1254 	3405 	 14 	 10110100 	 180 	 12468976 	 153	 55	 125	 88	 7	 112	 
2020-05-15 12:52:56	 844 	c1254 	3406 	 20 	 01111000 	 120 	 12598384 	 153	 55	 125	 89	 7	 112	 
2020-05-15 12:54:47	 490 	c1254 	3407 	 26 	 01110100 	 116 	 13820944 	 153	 55	 126	 89	 7	 113	 
2020-05-15 12:54:52	 700 	c1254 	3415 	 52 	 10110100 	 180 	 13878160 	 153	 56	 126	 89	 7	 113	 
2020-05-15 12:54:53	 385 	c1254 	3416 	 56 	 10101000 	 168 	 13886200 	 154	 56	 126	 89	 7	 113	 
2020-05-15 12:55:10	 650 	c1254 	3417 	 62 	 10111000 	 184 	 14076448 	 154	 56	 126	 89	 8	 113	 
2020-05-15 12:55:11	 973 	c1254 	3418 	 71 	 01111000 	 120 	 14090560 	 154	 56	 126	 90	 8	 113	 
2020-05-15 12:55:20	  23 	c1254	6375 bytes to file.
Date	 Hmsec	 CounterID	 EventID	 CounterMsgID	 Status(bin)	 Status(dec)	 Timer[s/12000]	 Unclear	 Entry	 LookIn	 Exit	 LookOut	 Visits
2020-05-15 12:57:32	1012 	c1254 	3419 	 77 	 10110100 	 180 	 15647224 	 154	 57	 126	 90	 8	 114	 
2020-05-15 12:57:43	1082 	c1254 	3421 	 85 	 01111000 	 120 	 15769312 	 154	 57	 126	 91	 8	 114	 
2020-05-15 13:04:16	 995 	c1254 	3422 	 91 	 10111000 	 184 	 3328152 	 154	 57	 126	 91	 9	 114	 
2020-05-15 13:04:19	 179 	c1254 	3424 	 98 	 11110100 	 244 	 3353496 	 155	 57	 126	 91	 9	 114	 
2020-05-15 13:04:19	1135 	c1254 	3425 	 104 	 10110100 	 180 	 3362592 	 155	 58	 126	 91	 9	 115	 
2020-05-15 13:04:20	 936 	c1254 	3426 	 110 	 01111000 	 120 	 3371736 	 155	 58	 126	 92	 9	 115	 
2020-05-15 13:04:47	 970 	c1254 	3428 	 116 	 01010100 	 84 	 3669936 	 156	 58	 126	 92	 9	 115	 
2020-05-15 13:05:03	 759 	c1254 	3430 	 122 	 10101000 	 168 	 3844464 	 157	 58	 126	 92	 9	 115	 
2020-05-15 13:07:17	   6 	c1254 	3431 	 130 	 10111000 	 184 	 5315112 	 157	 58	 126	 92	 10	 115	 
2020-05-15 13:08:53	 638 	c1254 	3434 	 138 	 10101000 	 168 	 6378600 	 158	 58	 126	 92	 10	 115	 
2020-05-15 13:10:42	 334 	c1254 	3435 	 142 	 10101000 	 168 	 7575792 	 159	 58	 126	 92	 10	 115	 
2020-05-15 13:35:21	 627 	c1254 	3436 	 146 	 10101000 	 168 	 7088072 	 160	 58	 126	 92	 10	 115	 
2020-05-15 13:35:25	   5 	c1254 	3437 	 150 	 10101000 	 168 	 7126256 	 161	 58	 126	 92	 10	 115	 
2020-05-15 13:35:30	 951 	c1254 	3438 	 154 	 10101000 	 168 	 7190384 	 162	 58	 126	 92	 10	 115	 
2020-05-15 13:36:18	 297 	c1254 	3440 	 160 	 10101000 	 168 	 7713464 	 163	 58	 126	 92	 10	 115	 
2020-05-15 13:36:18	 857 	c1254 	3441 	 164 	 10101000 	 168 	 7718792 	 164	 58	 126	 92	 10	 115	 
2020-05-15 13:37:00	1110 	c1254 	3442 	 168 	 10101000 	 168 	 8184416 	 165	 58	 126	 92	 10	 115	 
2020-05-15 13:37:32	 350 	c1254 	3443 	 172 	 10101000 	 168 	 8530136 	 166	 58	 126	 92	 10	 115	 
2020-05-15 13:37:33	 601 	c1254 	3444 	 176 	 10101000 	 168 	 8543552 	 167	 58	 126	 92	 10	 115	 
2020-05-15 13:37:35	 999 	c1254 	3445 	 182 	 10111000 	 184 	 8569400 	 167	 58	 126	 92	 11	 115	 
2020-05-15 13:37:37	 633 	c1254 	3447 	 188 	 10110100 	 180 	 8587976 	 167	 59	 126	 92	 11	 116	 
2020-05-15 13:47:02	 199 	c1254 	3448 	 196 	 01110100 	 116 	 14819048 	 167	 59	 127	 92	 11	 117	 
2020-05-15 13:47:27	  94 	c1254 	3449 	 207 	 01111000 	 120 	 15094040 	 167	 59	 127	 93	 11	 117	 
2020-05-15 13:53:34	  83 	c1254 	3451 	 215 	 01110100 	 116 	 2367976 	 167	 59	 128	 93	 11	 118	 
2020-05-15 13:59:20	 749 	c1254 	3452 	 220 	 10101000 	 168 	 6195472 	 168	 59	 128	 93	 11	 118	 
2020-05-15 13:59:21	1005 	c1254 	3453 	 232 	 01110100 	 116 	 6208960 	 168	 59	 129	 93	 11	 119	 
2020-05-15 13:59:25	 161 	c1254 	3454 	 240 	 01110100 	 116 	 6245128 	 168	 59	 130	 93	 11	 119	 
2020-05-15 13:59:44	 785 	c1254 	3456 	 247 	 10101000 	 168 	 6460984 	 169	 59	 130	 93	 11	 119	 
2020-05-15 13:59:49	 916 	c1254 	3457 	 3 	 01111000 	 120 	 6517480 	 169	 59	 130	 94	 11	 119	 
2020-05-15 14:03:42	 656 	c1254 	3458 	 9 	 01110100 	 116 	 9089440 	 169	 59	 131	 94	 11	 120	 
2020-05-15 14:04:11	1134 	c1254 	3459 	 16 	 01110100 	 116 	 9414472 	 169	 59	 132	 94	 11	 121	 
2020-05-15 14:04:20	 996 	c1254 	3460 	 20 	 01010100 	 84 	 9512632 	 170	 59	 132	 94	 11	 121	 
2020-05-15 14:04:22	 454 	c1254 	3461 	 24 	 01010100 	 84 	 9529576 	 171	 59	 132	 94	 11	 121	 
2020-05-15 14:04:23	 368 	c1254 	3462 	 29 	 01010100 	 84 	 9539800 	 172	 59	 132	 94	 11	 121	 
2020-05-15 14:04:25	 748 	c1254 	3463 	 33 	 01010100 	 84 	 9565528 	 173	 59	 132	 94	 11	 121	 
2020-05-15 14:04:27	 184 	c1254 	3464 	 39 	 01110100 	 116 	 9582256 	 173	 59	 133	 94	 11	 122	 
2020-05-15 14:04:30	 130 	c1254 	3465 	 47 	 01110100 	 116 	 9614896 	 173	 59	 134	 94	 11	 122	 
2020-05-15 14:04:31	 711 	c1254 	3466 	 51 	 01010100 	 84 	 9631480 	 174	 59	 134	 94	 11	 122	 
2020-05-15 14:05:03	 719 	c1254 	3467 	 56 	 01010100 	 84 	 9985168 	 175	 59	 134	 94	 11	 122	 
2020-05-15 14:05:16	 993 	c1254 	3468 	 60 	 01010100 	 84 	 10131400 	 176	 59	 134	 94	 11	 122	 
2020-05-15 14:05:18	 456 	c1254 	3469 	 64 	 01010100 	 84 	 10148392 	 177	 59	 134	 94	 11	 122	 
2020-05-15 14:05:19	 573 	c1254 	3470 	 70 	 01110100 	 116 	 10160560 	 177	 59	 135	 94	 11	 123	 
2020-05-15 14:05:21	 163 	c1254 	3471 	 76 	 01110100 	 116 	 10178752 	 177	 59	 136	 94	 11	 123	 
2020-05-15 14:05:22	  71 	c1254 	3472 	 80 	 01010100 	 84 	 10188928 	 178	 59	 136	 94	 11	 123	 
2020-05-15 14:05:24	 673 	c1254 	3474 	 88 	 01110100 	 116 	 10216768 	 178	 59	 137	 94	 11	 123	 
2020-05-15 14:05:26	  68 	c1254 	3475 	 94 	 01110100 	 116 	 10233112 	 178	 59	 138	 94	 11	 123	 
2020-05-15 14:05:27	 473 	c1254 	3476 	 98 	 01010100 	 84 	 10248016 	 179	 59	 138	 94	 11	 123	 
2020-05-15 14:05:31	 110 	c1254 	3478 	 104 	 01010100 	 84 	 10288768 	 180	 59	 138	 94	 11	 123	 
2020-05-15 14:05:38	  85 	c1254 	3479 	 109 	 01010100 	 84 	 10365880 	 181	 59	 138	 94	 11	 123	 
2020-05-15 14:06:16	 513 	c1254 	3480 	 117 	 01110100 	 116 	 10789840 	 181	 59	 139	 94	 11	 124	 
2020-05-15 14:06:49	 536 	c1254 	3481 	 128 	 10111000 	 184 	 11154688 	 181	 59	 139	 94	 12	 124	 
2020-05-15 14:07:30	 243 	c1254 	3482 	 132 	 01010100 	 84 	 11604928 	 182	 59	 139	 94	 12	 124	 
2020-05-15 14:09:23	1081 	c1254 	3483 	 136 	 01010100 	 84 	 12861424 	 183	 59	 139	 94	 12	 124	 
2020-05-15 14:09:24	1048 	c1254 	3484 	 142 	 01110100 	 116 	 12872152 	 183	 59	 140	 94	 12	 125	 
2020-05-15 14:09:26	 150 	c1254 	3485 	 150 	 01110100 	 116 	 12885712 	 183	 59	 141	 94	 12	 125	 
2020-05-15 14:09:34	 281 	c1254 	3486 	 156 	 01111000 	 120 	 12975328 	 183	 59	 141	 95	 12	 125	 
2020-05-15 14:14:38	 619 	c1254 	3487 	 162 	 01110100 	 116 	 16337464 	 183	 59	 142	 95	 12	 126	 
2020-05-15 14:14:39	 648 	c1254 	3489 	 174 	 10110100 	 180 	 16348792 	 183	 60	 142	 95	 12	 126	 
2020-05-15 14:14:53	 828 	c1254 	3490 	 186 	 01111000 	 120 	 16505200 	 183	 60	 142	 96	 12	 126	 
2020-05-15 14:14:59	 323 	c1254 	3491 	 194 	 10110100 	 180 	 16566688 	 183	 61	 142	 96	 12	 127	 
2020-05-15 14:15:09	  42 	c1254 	3492 	 202 	 01111000 	 120 	 16674496 	 183	 61	 142	 97	 12	 127	 
2020-05-15 14:16:25	 563 	c1254 	3493 	 208 	 01110100 	 116 	 741720 	 183	 61	 143	 97	 12	 128	 
2020-05-15 14:16:40	 289 	c1254 	3494 	 217 	 01111000 	 120 	 904752 	 183	 61	 143	 98	 12	 128	 
2020-05-15 14:17:11	 141 	c1254 	3495 	 221 	 01010100 	 84 	 1245624 	 184	 61	 143	 98	 12	 128	 
2020-05-15 14:17:11	 988 	c1254 	3496 	 225 	 01010100 	 84 	 1253688 	 185	 61	 143	 98	 12	 128	 
2020-05-15 14:17:12	 557 	c1254 	3497 	 229 	 01010100 	 84 	 1260624 	 186	 61	 143	 98	 12	 128	 
2020-05-15 14:17:13	 650 	c1254 	3498 	 233 	 01010100 	 84 	 1272552 	 187	 61	 143	 98	 12	 128	 
2020-05-15 14:17:14	 622 	c1254 	3500 	 241 	 01110100 	 116 	 1283328 	 187	 61	 144	 98	 12	 129	 
2020-05-15 14:17:16	 233 	c1254 	3502 	 253 	 01110100 	 116 	 1301712 	 187	 61	 145	 98	 12	 129	 
2020-05-15 14:17:31	 782 	c1254 	3503 	 4 	 01111000 	 120 	 1472568 	 187	 61	 145	 99	 12	 129	 
2020-05-15 14:29:24	 348 	c1254 	3504 	 10 	 01110100 	 116 	 9338976 	 187	 61	 146	 99	 12	 130	 
2020-05-15 14:29:31	 916 	c1254 	3505 	 16 	 01111000 	 120 	 9421656 	 187	 61	 146	 100	 12	 130	 
2020-05-15 14:40:41	 702 	c1254 	3509 	 30 	 01110100 	 116 	 39536 	 187	 61	 147	 100	 12	 131	 
2020-05-15 14:40:49	 320 	c1254 	3510 	 34 	 10101000 	 168 	 124280 	 188	 61	 147	 100	 12	 131	 
2020-05-15 14:41:36	 856 	c1254 	3511 	 39 	 10101000 	 168 	 648656 	 189	 61	 147	 100	 12	 131	 
2020-05-15 14:47:15	 618 	c1254 	3512 	 43 	 01010100 	 84 	 4422776 	 190	 61	 147	 100	 12	 131	 
2020-05-15 14:51:43	 561 	c1254 	3513 	 49 	 01110100 	 116 	 7430552 	 190	 61	 148	 100	 12	 132	 
2020-05-15 14:52:11	 271 	c1254 	3514 	 54 	 01010100 	 84 	 7741640 	 191	 61	 148	 100	 12	 132	 
2020-05-15 15:00:21	 309 	c1254 	3515 	 62 	 10110100 	 180 	 13226336 	 191	 62	 148	 100	 12	 133	 
2020-05-15 15:00:58	 272 	c1254 	3516 	 68 	 01111000 	 120 	 13639136 	 191	 62	 148	 101	 12	 133	 
2020-05-15 15:03:50	 181 	c1254 	3517 	 74 	 01110100 	 116 	 15557504 	 191	 62	 149	 101	 12	 134	 
2020-05-15 15:03:56	 177 	c1254 	3518 	 80 	 01110100 	 116 	 15624368 	 191	 62	 150	 101	 12	 134	 
2020-05-15 15:04:13	 966 	c1254 	3519 	 87 	 10110100 	 180 	 15821504 	 191	 63	 150	 101	 12	 135	 
2020-05-15 15:04:30	 296 	c1254 	3520 	 95 	 01111000 	 120 	 16004648 	 191	 63	 150	 102	 12	 135	 
2020-05-15 15:04:39	 232 	c1254	8530 bytes to file.
Date	 Hmsec	 CounterID	 EventID	 CounterMsgID	 Status(bin)	 Status(dec)	 Timer[s/12000]	 Unclear	 Entry	 LookIn	 Exit	 LookOut	 Visits
2020-05-15 15:05:15	 732 	c1254 	3521 	 101 	 10110100 	 180 	 16510568 	 191	 64	 150	 102	 12	 136	 
2020-05-15 15:13:19	 807 	c1254 	3522 	 111 	 01111000 	 120 	 5123896 	 191	 64	 150	 103	 12	 136	 
2020-05-15 15:15:36	 140 	c1254 	3523 	 117 	 01110100 	 116 	 6640864 	 191	 64	 151	 103	 12	 137	 
2020-05-15 15:15:45	 675 	c1254 	3524 	 125 	 01111000 	 120 	 6746032 	 191	 64	 151	 104	 12	 137	 
2020-05-15 15:18:13	1083 	c1254 	3525 	 131 	 01110100 	 116 	 8394520 	 191	 64	 152	 104	 12	 138	 
2020-05-15 15:18:22	 714 	c1254 	3526 	 137 	 01111000 	 120 	 8490976 	 191	 64	 152	 105	 12	 138	 
2020-05-15 15:19:40	 810 	c1254 	3527 	 145 	 01110100 	 116 	 9358192 	 191	 64	 153	 105	 12	 139	 
2020-05-15 15:19:48	 522 	c1254 	3528 	 151 	 01111000 	 120 	 9444280 	 191	 64	 153	 106	 12	 139	 
2020-05-15 15:20:16	1062 	c1254 	3530 	 161 	 01110100 	 116 	 9760432 	 191	 64	 154	 106	 12	 140	 
2020-05-15 15:20:24	 965 	c1254 	3531 	 170 	 10111000 	 184 	 9848368 	 191	 64	 154	 106	 13	 140	 
2020-05-15 15:21:58	 577 	c1254 	3532 	 176 	 10110100 	 180 	 10888312 	 191	 65	 154	 106	 13	 141	 
2020-05-15 15:31:47	  46 	c1254 	3533 	 182 	 01111000 	 120 	 638616 	 191	 65	 154	 107	 13	 141	 
2020-05-15 15:33:41	 924 	c1254 	3534 	 186 	 01010100 	 84 	 1909872 	 192	 65	 154	 107	 13	 141	 
2020-05-15 15:33:42	 749 	c1254 	3535 	 192 	 10110100 	 180 	 1919280 	 192	 66	 154	 107	 13	 142	 
2020-05-15 15:33:48	 301 	c1254 	3536 	 198 	 01111000 	 120 	 1981488 	 192	 66	 154	 108	 13	 142	 
2020-05-15 15:35:45	 623 	c1254 	3537 	 204 	 01110100 	 116 	 3280488 	 192	 66	 155	 108	 13	 143	 
2020-05-15 15:35:54	 721 	c1254 	3538 	 212 	 01111000 	 120 	 3381096 	 192	 66	 155	 109	 13	 143	 
2020-05-15 15:37:21	  24 	c1254 	3539 	 220 	 01110100 	 116 	 4337880 	 192	 66	 156	 109	 13	 144	 
2020-05-15 15:37:29	  23 	c1254 	3540 	 226 	 01111000 	 120 	 4426464 	 192	 66	 156	 110	 13	 144	 
2020-05-15 15:37:58	 894 	c1254 	3541 	 232 	 01110100 	 116 	 4755864 	 192	 66	 157	 110	 13	 145	 
2020-05-15 15:38:06	 648 	c1254 	3542 	 240 	 01111000 	 120 	 4842096 	 192	 66	 157	 111	 13	 145	 
2020-05-15 15:39:13	 169 	c1254 	3543 	 248 	 10110100 	 180 	 5579400 	 192	 67	 157	 111	 13	 146	 
2020-05-15 15:39:19	  25 	c1254 	3544 	 254 	 01111000 	 120 	 5644464 	 192	 67	 157	 112	 13	 146	 
2020-05-15 15:40:38	 625 	c1254 	3545 	 4 	 10110100 	 180 	 6524952 	 192	 68	 157	 112	 13	 147	 
2020-05-15 15:40:46	 176 	c1254 	3547 	 14 	 10111100 	 188 	 6609264 	 193	 68	 157	 112	 13	 147	 
2020-05-15 15:59:54	 913 	c1254 	3548 	 20 	 10110100 	 180 	 2537120 	 193	 69	 157	 112	 13	 148	 
2020-05-15 16:00:01	 848 	c1254 	3549 	 28 	 01111000 	 120 	 2613872 	 193	 69	 157	 113	 13	 148	 
2020-05-15 16:01:28	1121 	c1254 	3550 	 36 	 01110100 	 116 	 3578096 	 193	 69	 158	 113	 13	 149	 
2020-05-15 16:01:35	 739 	c1254 	3551 	 41 	 11111000 	 248 	 3651824 	 194	 69	 158	 113	 13	 149	 
2020-05-15 16:02:06	  23 	c1254 	3553 	 50 	 01110100 	 116 	 3987584 	 194	 69	 159	 113	 13	 150	 
2020-05-15 16:02:11	 298 	c1254 	3554 	 58 	 01111000 	 120 	 4045472 	 194	 69	 159	 114	 13	 150	 
2020-05-15 16:02:39	 388 	c1254 	3555 	 69 	 10110100 	 180 	 4355792 	 194	 70	 159	 114	 13	 151	 
2020-05-15 16:02:43	 310 	c1254 	3556 	 75 	 01111000 	 120 	 4399256 	 194	 70	 159	 115	 13	 151	 
2020-05-15 16:03:58	 623 	c1254 	3557 	 82 	 01110100 	 116 	 5231168 	 194	 70	 160	 115	 13	 152	 
2020-05-15 16:04:06	  59 	c1254 	3558 	 88 	 01111000 	 120 	 5314208 	 194	 70	 160	 116	 13	 152	 
2020-05-15 16:04:22	  28 	c1254 	3559 	 92 	 01010100 	 84 	 5490704 	 195	 70	 160	 116	 13	 152	 
2020-05-15 16:04:23	 948 	c1254 	3561 	 100 	 01110100 	 116 	 5510504 	 195	 70	 161	 116	 13	 153	 
2020-05-15 16:04:28	 674 	c1254 	3562 	 106 	 01111000 	 120 	 5563136 	 195	 70	 161	 117	 13	 153	 
2020-05-15 16:05:22	 283 	c1254 	3563 	 114 	 01110100 	 116 	 6156224 	 195	 70	 162	 117	 13	 154	 
2020-05-15 16:05:26	 765 	c1254 	3564 	 120 	 01111000 	 120 	 6205016 	 195	 70	 162	 118	 13	 154	 
2020-05-15 16:05:31	 949 	c1254 	3565 	 128 	 01110100 	 116 	 6262040 	 195	 70	 163	 118	 13	 155	 
2020-05-15 16:05:36	 778 	c1254 	3566 	 134 	 01111000 	 120 	 6315680 	 195	 70	 163	 119	 13	 155	 
2020-05-15 16:06:18	 430 	c1254 	3567 	 140 	 01110100 	 116 	 6776480 	 195	 70	 164	 119	 13	 156	 
2020-05-15 16:06:27	 128 	c1254 	3569 	 152 	 01111000 	 120 	 6873080 	 195	 70	 164	 120	 13	 156	 
2020-05-15 16:06:41	 209 	c1254 	3570 	 160 	 10110100 	 180 	 7028552 	 195	 71	 164	 120	 13	 157	 
2020-05-15 16:06:51	 583 	c1254 	3571 	 174 	 01111000 	 120 	 7142624 	 195	 71	 164	 121	 13	 157	 
2020-05-15 16:08:34	  21 	c1254 	3572 	 184 	 01110100 	 116 	 8275568 	 195	 71	 165	 121	 13	 158	 
2020-05-15 16:14:53	 237 	c1254 	3573 	 191 	 10111000 	 184 	 12471200 	 195	 71	 165	 121	 14	 158	 
2020-05-15 16:15:15	 612 	c1254 	3574 	 195 	 10101000 	 168 	 12718760 	 196	 71	 165	 121	 14	 158	 
2020-05-15 16:15:16	 291 	c1254 	3575 	 199 	 10101000 	 168 	 12726776 	 197	 71	 165	 121	 14	 158	 
2020-05-15 16:15:42	 997 	c1254 	3576 	 203 	 10101000 	 168 	 13021880 	 198	 71	 165	 121	 14	 158	 
2020-05-15 16:22:22	1107 	c1254 	3577 	 207 	 10101000 	 168 	 680608 	 199	 71	 165	 121	 14	 158	 
2020-05-15 16:50:11	 204 	c1254 	3578 	 211 	 10101000 	 168 	 2404704 	 200	 71	 165	 121	 14	 158	 
2020-05-15 16:59:49	 570 	c1254 	3579 	 215 	 10101000 	 168 	 8827272 	 201	 71	 165	 121	 14	 158	 
2020-05-15 17:29:31	 469 	c1254 	3581 	 221 	 10101000 	 168 	 11842328 	 202	 71	 165	 121	 14	 158	 
2020-05-15 17:32:57	 970 	c1254	5705 bytes to file.
Date	 Hmsec	 CounterID	 EventID	 CounterMsgID	 Status(bin)	 Status(dec)	 Timer[s/12000]	 Unclear	 Entry	 LookIn	 Exit	 LookOut	 Visits
2020-05-15 17:33:00	 280 	c1254	161 bytes to file.
Date	 Hmsec	 CounterID	 EventID	 CounterMsgID	 Status(bin)	 Status(dec)	 Timer[s/12000]	 Unclear	 Entry	 LookIn	 Exit	 LookOut	 Visits
2020-05-15 17:33:01	 285 	c1254	161 bytes to file.
